 TIME 7.486343383789062e-05 1.0 0.0 0.0 0.0 0.0 1.0 0.0 0.0 0.0 0.0 1.0 0.0
 TIME 0.025847434997558594 1.0 -0.00014903901319485158 -2.678709824976977e-05 0.049051765352487564 0.00014904371346347034 1.0 0.0001758516882546246 -0.08692547678947449 2.6760888431454077e-05 -0.00017585567547939718 1.0 0.010412297211587429
 TIME 0.06954050064086914 1.0 0.00011904234997928143 -6.13433076068759e-06 -0.03715631738305092 -0.00011904215352842584 1.0 3.155821104883216e-05 -0.028348416090011597 6.138087428553263e-06 -3.155747981509194e-05 1.0 -0.11112161725759506
 TIME 0.10066390037536621 1.0 -0.00013319362187758088 -1.6395813872804865e-05 0.03677709400653839 0.00013319580466486514 1.0 0.00013346005289349705 -0.05357258766889572 1.637803688936401e-05 -0.0001334622356807813 1.0 0.04831833392381668
 TIME 0.13029241561889648 1.0 -0.00020620465511456132 -7.70614788052626e-05 0.08253522962331772 0.00020621083967853338 1.0 8.030961180338636e-05 -0.035816144198179245 7.704491872573271e-05 -8.032550249481574e-05 1.0 0.023038309067487717
 TIME 0.15766000747680664 1.0 -8.459873788524419e-05 -1.7945556464837864e-05 0.023148102685809135 8.460159006062895e-05 1.0 0.00015923625323921442 -0.04203149303793907 1.7932085029315203e-05 -0.00015923776663839817 1.0 0.03874428942799568
 TIME 0.1886119842529297 1.0 -4.770445957547054e-05 4.289015487302095e-05 0.007053777575492859 4.7702262236271054e-05 1.0 5.125348616275005e-05 0.009644649922847748 -4.289259959477931e-05 -5.125143798068166e-05 1.0 0.03299311548471451
 TIME 0.2219998836517334 1.0 -3.864324389724061e-05 2.4297176423715428e-05 -0.018855180591344833 3.8642097933916375e-05 1.0 4.7215071390382946e-05 0.014155937358736992 -2.4299000870087184e-05 -4.7214132791850716e-05 1.0 0.02344568260014057
 TIME 0.25536060333251953 1.0 -0.0001232646027347073 -4.542024544207379e-05 0.018338734284043312 0.00012327336298767477 1.0 0.00019279394473414868 -0.05746210739016533 4.539647852652706e-05 -0.00019279953266959637 1.0 -0.08511077612638474
 TIME 0.28868603706359863 1.0 4.1478866478428245e-05 -8.619228901807219e-05 0.02642979472875595 -4.147257641307078e-05 1.0 7.300867582671344e-05 -0.029084503650665283 8.619531581643969e-05 -7.300509605556726e-05 1.0 -0.009177102707326412
 TIME 0.3220665454864502 1.0 -0.00019363123283255845 3.6990684748161584e-05 0.017685163766145706 0.00019362846796866506 1.0 7.452008139807731e-05 -0.017832858487963676 -3.700511297211051e-05 -7.451291457982734e-05 1.0 0.0077645545825362206
 TIME 0.35537052154541016 1.0 -0.00015547644579783082 -0.00016273849178105593 0.12599262595176697 0.0001554823393234983 1.0 3.625790850492194e-05 0.04065177962183952 0.00016273284563794732 -3.6283210647525266e-05 1.0 0.1304253339767456
 TIME 0.38875269889831543 1.0 9.50498360907659e-05 -0.00011301553604425862 0.061025552451610565 -9.503043111180887e-05 1.0 0.00017171890067402273 -0.0708986148238182 0.00011303185601718724 -0.0001717081613605842 1.0 0.06342408061027527
 TIME 0.4221155643463135 1.0 5.309108018991537e-06 2.313021832378581e-05 -0.017670264467597008 -5.312437224347377e-06 1.0 0.0001439532352378592 -0.01746152527630329 -2.3129454348236322e-05 -0.00014395335165318102 1.0 0.02595246024429798
 TIME 0.4557304382324219 1.0 0.00016482212231494486 0.00016842683544382453 -0.07213473320007324 -0.0001648207107791677 1.0 -8.458915544906631e-06 -0.008807331323623657 -0.00016842821787577122 8.431155038124416e-06 1.0 -0.0297596026211977
 TIME 0.48894691467285156 0.9999999403953552 0.0002143208112102002 0.00013075686001684517 -0.05735693499445915 -0.00021431190543808043 1.0 -6.813285290263593e-05 0.08404319733381271 -0.00013077147013973445 6.810483318986371e-05 1.0 -0.0013819157611578703
 TIME 0.5222892761230469 1.0 0.00015445846656803042 -6.749908061465248e-05 -0.017577974125742912 -0.00015445752069354057 1.0 1.3877785931981634e-05 -0.003144469577819109 6.750122702214867e-05 -1.386735948472051e-05 1.0 -0.07979664206504822
 TIME 0.5555496215820312 1.0 -4.983579492545687e-05 -0.00014184406609274447 0.053445570170879364 4.984220868209377e-05 1.0 4.5210865209810436e-05 -0.012822999618947506 0.00014184181054588407 -4.521793744061142e-05 1.0 -0.02574605494737625
 TIME 0.5889124870300293 1.0 -6.641948857577518e-05 -3.63923936674837e-05 -0.0008564188028685749 6.642162043135613e-05 1.0 5.855604467797093e-05 -0.03996303677558899 3.6388501030160114e-05 -5.855846393387765e-05 1.0 -0.02217349223792553
 TIME 0.622302770614624 1.0 -8.593853999627754e-05 -0.0001260825083591044 0.06618962436914444 8.596112456871197e-05 1.0 0.00017914242926053703 -0.07540852576494217 0.00012606711243279278 -0.00017915327043738216 1.0 0.018770286813378334
 TIME 0.6557786464691162 1.0 1.224059633386787e-05 -3.044677578145638e-05 0.009563390165567398 -1.2239519492140971e-05 1.0 3.53704635926988e-05 -0.02086530812084675 3.0447208700934425e-05 -3.5370092518860474e-05 1.0 -0.06344844400882721
 TIME 0.689009428024292 1.0 0.00016659489483572543 5.335097011993639e-05 -0.05407126620411873 -0.00016658917593304068 1.0 -0.00010713897790992633 0.06869503855705261 -5.3368818043963984e-05 0.00010713009396567941 1.0 -0.01605360582470894
 TIME 0.722365140914917 1.0 -0.00015850376803427935 -0.00013388754450716078 0.053394485265016556 0.0001585113350301981 1.0 5.6429631513310596e-05 -0.0005840214435011148 0.00013387860963121057 -5.645085184369236e-05 1.0 0.004959076177328825
 TIME 0.7556953430175781 0.9999999403953552 0.000347164343111217 5.1830761549354065e-06 -0.057948749512434006 -0.00034716373193077743 0.9999999403953552 -0.00011890212772414088 0.11281560361385345 -5.224354481470073e-06 0.00011890032328665257 1.0 -0.01730963960289955
 TIME 0.7890753746032715 1.0 9.154316649073735e-05 5.6893542932812124e-05 -0.011804538778960705 -9.154168947134167e-05 1.0 -2.5904342692228965e-05 0.009429761208593845 -5.689591125701554e-05 2.5899134925566614e-05 1.0 0.042476799339056015
 TIME 0.8224470615386963 1.0 0.00018229584384243935 -1.1987375501121278e-06 -0.061291828751564026 -0.00018229590205010027 1.0 -5.550959031097591e-05 -0.0034424015320837498 1.1886183983733645e-06 5.5509808589704335e-05 1.0 -0.0481104739010334
 TIME 0.855811357498169 1.0 0.00021558896696660668 8.47915725898929e-06 -0.03516731411218643 -0.0002155879483325407 0.9999999403953552 -0.00011879595695063472 0.09648015350103378 -8.504768629791215e-06 0.00011879412340931594 1.0 -0.024640463292598724
 TIME 0.8891737461090088 1.0 0.0001545834238640964 -0.00012672127922996879 0.01176948007196188 -0.00015458170673809946 1.0 1.3636388757731766e-05 0.02051866613328457 0.0001267233892576769 -1.3616799151350278e-05 1.0 0.004936941433697939
 TIME 0.9225411415100098 1.0 0.00014043200644664466 -6.0805821703979746e-05 -0.003105759620666504 -0.00014043886039871722 1.0 -0.00011267036461504176 -0.005690142512321472 6.0790000134147704e-05 0.00011267890658928081 1.0 -0.02275005914270878
 TIME 0.9559388160705566 1.0 0.00020077604858670384 -4.6398559788940474e-05 -0.0270476583391428 -0.00020077935187146068 1.0 -7.114083564374596e-05 -0.017282117158174515 4.6384273446165025e-05 7.115014886949211e-05 1.0 -0.07432613521814346
 TIME 0.9892439842224121 1.0 0.0001166153815574944 -9.00064260349609e-05 0.013657606206834316 -0.0001166080983239226 1.0 8.09470730018802e-05 -0.02799161523580551 9.001586295198649e-05 -8.093657379504293e-05 1.0 -0.06384499371051788
 TIME 1.0226078033447266 1.0 0.00016447583038825542 -3.3325955882901326e-05 0.0048723360523581505 -0.00016447847883682698 1.0 -7.955988985486329e-05 0.03715331107378006 3.331287007313222e-05 7.956536865094677e-05 1.0 -0.02975453995168209
 TIME 1.0562975406646729 1.0 9.432016668142751e-05 -8.072275522863492e-05 0.028273392468690872 -9.431906073587015e-05 1.0 1.3777178537566215e-05 -0.009953819215297699 8.072405034909025e-05 -1.3769565157417674e-05 1.0 -0.08139719069004059
 TIME 1.0892643928527832 1.0 8.748190793994581e-07 -7.215246296254918e-05 0.024549873545765877 -8.81537403074617e-07 1.0 -9.311319445259869e-05 0.05195615068078041 7.215238292701542e-05 9.311325993621722e-05 1.0 0.011625956743955612
 TIME 1.1226632595062256 1.0 0.00013136761845089495 -4.843150691158371e-06 0.005050226580351591 -0.00013136780762579292 1.0 -3.937935616704635e-05 0.05799290910363197 4.837977485294687e-06 3.9379992813337594e-05 1.0 0.06415531784296036
 TIME 1.1560051441192627 1.0 0.00020531288464553654 -0.00011362766235833988 0.037764109671115875 -0.00020532406051643193 1.0 -9.82693672995083e-05 0.03846732899546623 0.00011360747885191813 9.829269401961938e-05 1.0 -0.006443937309086323
 TIME 1.189382553100586 1.0 0.00011265096691204235 -0.00012641701323445886 0.025523005053400993 -0.00011264526983723044 1.0 4.508305573835969e-05 -0.016273552551865578 0.00012642209185287356 -4.5068813051329926e-05 1.0 -0.03697922080755234
 TIME 1.2233214378356934 0.9999999403953552 0.0002154108660761267 -0.00014850660227239132 0.02401752769947052 -0.00021541026944760233 1.0 4.063927462993888e-06 -0.012628871016204357 0.00014850747538730502 -4.031937351101078e-06 1.0 -0.0450146310031414
 TIME 1.2562713623046875 1.0 1.136362971010385e-05 -3.27746820403263e-05 0.031966645270586014 -1.1360839380358811e-05 1.0 8.514558430761099e-05 -0.03399880975484848 3.2775649742688984e-05 -8.514521323377267e-05 1.0 -0.03168315440416336
 TIME 1.2895011901855469 1.0 6.63064856780693e-05 -0.00017299414321314543 0.02166341245174408 -6.629570270888507e-05 1.0 6.234020838746801e-05 -0.014483816921710968 0.0001729982759570703 -6.232873420231044e-05 1.0 0.00939533207565546
 TIME 1.3227310180664062 0.9999999403953552 0.0002885483263526112 -8.346099639311433e-05 -0.010385404340922832 -0.0002885535068344325 0.9999999403953552 -6.231657607713714e-05 0.05606677383184433 8.344301022589207e-05 6.234065949684009e-05 1.0 -0.03225827217102051
 TIME 1.356095314025879 1.0 0.00010073302837554365 4.082502709934488e-05 -0.061377428472042084 -0.00010073926387121901 1.0 0.0001528328430140391 -0.035542041063308716 -4.080963117303327e-05 -0.00015283696120604873 1.0 0.03058001585304737
 TIME 1.389512062072754 1.0 0.00014176715922076255 -2.7958692953689024e-05 0.023943280801177025 -0.0001417669845977798 1.0 6.394542197085684e-06 0.014081704430282116 2.795959881041199e-05 -6.390578619175358e-06 1.0 0.017102627083659172
 TIME 1.422867774963379 1.0 -6.228158326848643e-06 -2.3922088075778447e-05 0.0135933393612504 6.231198312889319e-06 1.0 0.00012709321163129061 -0.012825044803321362 2.3921296815387905e-05 -0.0001270933571504429 1.0 0.03575548157095909
 TIME 1.4561772346496582 1.0 0.0002279717882629484 -3.585020385798998e-05 0.005409913137555122 -0.0002279730688314885 1.0 -3.5628840123536065e-05 0.012091374024748802 3.5842080251313746e-05 3.56370146619156e-05 1.0 -0.038439344614744186
 TIME 1.4895377159118652 0.9999999403953552 0.00030824460554867983 5.30627767147962e-05 -0.057542022317647934 -0.0003082378243561834 0.9999999403953552 -0.00012751766189467162 0.03875494748353958 -5.310208143782802e-05 0.00012750130554195493 1.0 0.01481735147535801
 TIME 1.5229039192199707 0.9999999403953552 0.0003405884199310094 -2.6505197183723794e-06 -0.04210512712597847 -0.00034058865276165307 0.9999999403953552 -8.075388905126601e-05 0.06770908087491989 2.6230156890960643e-06 8.075478399405256e-05 1.0 -0.018575940281152725
 TIME 1.5562596321105957 1.0 8.159277786035091e-05 -0.00013061055506113917 0.0873074159026146 -8.161228470271453e-05 1.0 -0.00014935407671146095 0.09210018813610077 0.00013059837510809302 0.00014936474326532334 1.0 0.10557045787572861
 TIME 1.5896270275115967 1.0 7.045882375678048e-05 -8.72927121235989e-05 0.04002095013856888 -7.045915117487311e-05 1.0 -3.806260565397679e-06 0.02717350423336029 8.729244291316718e-05 3.8124112506920937e-06 1.0 -0.02201732248067856
 TIME 1.6229894161224365 1.0 0.00021252359147183597 7.065923273330554e-05 -0.05885368585586548 -0.00021252219448797405 1.0 -1.986543611565139e-05 0.03016284480690956 -7.066345278872177e-05 1.9850418539135717e-05 1.0 0.03125756233930588
 TIME 1.6564455032348633 1.0 -9.804490400711074e-05 -0.00010179486707784235 0.04755201190710068 9.807074093259871e-05 0.9999999403953552 0.00025381313753314316 -0.05885124206542969 0.00010176998330280185 -0.0002538231201469898 0.9999999403953552 0.02307133376598358
 TIME 1.6897578239440918 1.0 -0.0001170454197563231 -3.9893086068332195e-05 0.0021849891636520624 0.00011705263023031875 1.0 0.00018086931959260255 -0.03978222236037254 3.987191303167492e-05 -0.00018087399075739086 1.0 0.0684225857257843
 TIME 1.7230584621429443 1.0 -2.560561006248463e-05 7.715324318269268e-05 -0.03840630501508713 2.5588735297787935e-05 1.0 0.00021870885393582284 -0.0668427050113678 -7.71588456700556e-05 -0.0002187068748753518 1.0 -0.019048329442739487
 TIME 1.756401777267456 1.0 -0.00019885723304469138 5.397834229370346e-06 0.0074982973746955395 0.000198855806956999 0.9999999403953552 0.0002649194502737373 -0.11198517680168152 -5.45051489098114e-06 -0.0002649183734320104 0.9999999403953552 -0.007847104221582413
 TIME 1.789804458618164 1.0 1.4750086847925559e-05 9.202265209751204e-05 -0.03338098153471947 -1.476444140280364e-05 1.0 0.00015599072503391653 -0.019275909289717674 -9.202034561894834e-05 -0.000155992092913948 1.0 0.030748983845114708
 TIME 1.8231480121612549 1.0 0.0001580107054905966 0.00011562876898096874 -0.06990233063697815 -0.00015802406414877623 1.0 0.00011551540228538215 -0.03892803192138672 -0.00011561051360331476 -0.00011553367221495137 1.0 0.03345451503992081
 TIME 1.856529712677002 1.0 -8.55361286085099e-05 8.102321589831263e-05 -0.01450719591230154 8.552352664992213e-05 1.0 0.00015544828784186393 -0.061955176293849945 -8.103650907287374e-05 -0.00015544136113021523 1.0 -0.015040410682559013
 TIME 1.8898775577545166 1.0 -0.00010315803956473246 -5.8792797062778845e-05 0.06690871715545654 0.00010316546104149893 1.0 0.00012630203855223954 -0.06270115822553635 5.877976582269184e-05 -0.00012630810670088977 1.0 0.07691335678100586
 TIME 1.9231979846954346 1.0 2.3249751848197775e-06 -4.6401859435718507e-05 0.029161985963582993 -2.325567493244307e-06 1.0 -1.2760908248310443e-05 -0.0008107051253318787 4.640183033188805e-05 1.2761015568685252e-05 1.0 0.05397871881723404
 TIME 1.956561803817749 1.0 -0.00010597061918815598 4.245765376253985e-05 0.02651628665626049 0.00010596301581244916 1.0 0.00017918994126375765 -0.08379863947629929 -4.247664037393406e-05 -0.00017918544472195208 1.0 0.07524824887514114
 TIME 1.9899725914001465 1.0 6.415892858058214e-05 0.00012916249397676438 -0.03723187744617462 -6.417242548195645e-05 1.0 0.00010453691356815398 -0.02905728667974472 -0.0001291557855438441 -0.00010454520088387653 1.0 0.040036216378211975
 TIME 2.023341655731201 1.0 7.124100648070453e-06 0.0001585052377777174 -0.09795160591602325 -7.139347871998325e-06 1.0 9.61931946221739e-05 -0.03510269522666931 -0.00015850455383770168 -9.61943223956041e-05 1.0 -0.0189520176500082
 TIME 2.0568766593933105 1.0 0.00016828319348860532 0.00010737089178292081 -0.05846596509218216 -0.00016828934894874692 1.0 5.724825314246118e-05 -0.019016630947589874 -0.00010736125841503963 -5.72663193452172e-05 1.0 -0.06880676746368408
 TIME 2.0899767875671387 1.0 -9.160527406493202e-05 0.0001145808637375012 0.0010004175128415227 9.157868043985218e-05 0.9999999403953552 0.00023207004414871335 -0.08862168341875076 -0.00011460211680969223 -0.0002320595522178337 0.9999999403953552 0.046358540654182434
 TIME 2.1233949661254883 1.0 -5.843893814017065e-05 -4.071236617164686e-06 0.012067068368196487 5.843961480422877e-05 1.0 0.0001666057069087401 -0.06685109436511993 4.061500021634856e-06 -0.00016660593973938376 1.0 -0.039082325994968414
 TIME 2.1566975116729736 0.9999999403953552 0.00024632553686387837 0.00015792476187925786 -0.05641825124621391 -0.0002463411074131727 0.9999999403953552 9.862332080956548e-05 -0.03751501813530922 -0.00015790046018082649 -9.866221807897091e-05 1.0 0.0028126626275479794
 TIME 2.1901021003723145 1.0 3.317416485515423e-05 -4.599144176609116e-06 -0.0175516027957201 -3.317329174024053e-05 1.0 0.0001896822650451213 -0.06182403862476349 4.6054369704506826e-06 -0.0001896821049740538 1.0 -0.004380368627607822
 TIME 2.2235159873962402 1.0 7.795271812938154e-05 0.00013759275316260755 -0.04072362557053566 -7.796298450557515e-05 1.0 7.464951340807602e-05 0.02509220875799656 -0.0001375869323965162 -7.466024544555694e-05 1.0 0.03934638574719429
 TIME 2.256927967071533 1.0 -0.00010639091487973928 2.3076028810464777e-05 0.005017675459384918 0.00010638887761160731 1.0 8.83478787727654e-05 -0.03638220205903053 -2.30854275287129e-05 -8.834542677504942e-05 1.0 0.03606729209423065
 TIME 2.2901735305786133 1.0 -5.259981480776332e-05 1.6638472516206093e-05 -0.006724934559315443 5.259624231257476e-05 1.0 0.00021455610112752765 -0.08378522098064423 -1.664975752646569e-05 -0.00021455522801261395 1.0 0.017971359193325043
 TIME 2.323596954345703 1.0 0.00017796763859223574 0.0001541679521324113 -0.05012059211730957 -0.00017798488261178136 1.0 0.00011187801283085719 -0.02822905033826828 -0.00015414803056046367 -0.00011190544319106266 1.0 0.07786446809768677
 TIME 2.356882333755493 1.0 9.880017023533583e-05 4.285215254640207e-05 -0.02500118315219879 -9.88028768915683e-05 1.0 6.320208922261372e-05 -0.010084322653710842 -4.284590613679029e-05 -6.320632382994518e-05 1.0 -0.051620859652757645
 TIME 2.3902711868286133 1.0 -0.0001261467841686681 0.00018737808568403125 -0.05038345977663994 0.00012611168494913727 1.0 0.00018732571334112436 -0.08600844442844391 -0.0001874017034424469 -0.0001873020810307935 0.9999999403953552 -0.03611495718359947
 TIME 2.423643112182617 1.0 -9.258303907699883e-05 0.00010018949251389131 0.010739580728113651 9.257586498279124e-05 1.0 7.160355744417757e-05 -0.0664820522069931 -0.00010019612091127783 -7.159428059821948e-05 1.0 -0.005271044094115496
 TIME 2.457000732421875 1.0 -0.00018289194849785417 -0.00011336016177665442 0.07415316998958588 0.00018291936430614442 0.9999999403953552 0.00024177627346944064 -0.08971212804317474 0.00011331593850627542 -0.00024179700994864106 0.9999999403953552 -0.030728597193956375
 TIME 2.49025821685791 1.0 -0.00019068393157795072 -5.596668415819295e-06 0.011508466675877571 0.00019068527035415173 0.9999999403953552 0.00023887056158855557 -0.13649135828018188 5.551119556912454e-06 -0.00023887162387836725 1.0 -0.030696876347064972
 TIME 2.523705244064331 1.0 0.00011388956045266241 8.339254418388009e-05 -0.0825081393122673 -0.00011388827988412231 1.0 -1.5359675671788864e-05 -0.015375296585261822 -8.33942904137075e-05 1.5350176909123547e-05 1.0 -0.10379938036203384
 TIME 2.5570285320281982 1.0 4.065619123139186e-06 9.75832954281941e-05 -0.043465133756399155 -4.071583589393413e-06 1.0 6.11193900112994e-05 -0.043978627771139145 -9.758304076967761e-05 -6.111978291301057e-05 1.0 -0.05682225897908211
 TIME 2.590634822845459 1.0 -0.00020594029047060758 8.690063987160102e-05 0.0020989852491766214 0.00020593588124029338 1.0 5.0858434406109154e-05 -0.06030248478055 -8.691110997460783e-05 -5.084053555037826e-05 1.0 0.0010730174835771322
 TIME 2.6237406730651855 1.0 4.535081461654045e-05 0.00013474961451720446 -0.05970703065395355 -4.5364249672275037e-05 1.0 9.970268001779914e-05 -0.019580962136387825 -0.00013474508887156844 -9.970879182219505e-05 1.0 -0.01334289088845253
 TIME 2.657090663909912 1.0 6.188871338963509e-05 8.699402678757906e-05 -0.02636820077896118 -6.190298881847411e-05 1.0 0.00016410609532613307 -0.06420567631721497 -8.698386955074966e-05 -0.00016411147953476757 1.0 -0.0009857873665168881
 TIME 2.6904115676879883 1.0 0.00011748763790819794 2.680576108105015e-05 -0.02961375005543232 -0.00011748909309972078 1.0 5.449221498565748e-05 -0.03504682332277298 -2.679935823834967e-05 -5.4495365475304425e-05 1.0 -0.011431287974119186
 TIME 2.7237696647644043 1.0 -0.000236457577557303 5.6848533859010786e-05 -0.007449192460626364 0.00023644333123229444 0.9999999403953552 0.000250427721766755 -0.1309657245874405 -5.690774560207501e-05 -0.000250414275797084 0.9999999403953552 -0.08617483824491501
 TIME 2.7577011585235596 1.0 0.00010574444604571909 -5.9736416915256996e-06 0.04353887215256691 -0.00010574374755378813 1.0 0.00011659174197120592 -0.024275392293930054 5.9859703469555825e-06 -0.00011659110896289349 1.0 0.08903422951698303
 TIME 2.7906477451324463 0.9999999403953552 0.00027599025634117424 0.00019941743812523782 -0.0963372215628624 -0.0002759976196102798 0.9999999403953552 3.683165050460957e-05 -0.006519037764519453 -0.0001994072663364932 -3.688668948598206e-05 1.0 -0.030979273840785027
 TIME 2.823965072631836 1.0 0.00016683698049746454 0.00015400303527712822 -0.037342287600040436 -0.00016685774608049542 1.0 0.00013486917305272073 -0.04125367850065231 -0.00015398053801618516 -0.00013489487173501402 1.0 0.02559005841612816
 TIME 2.857217788696289 1.0 0.00015972241817507893 0.00012539615272544324 -0.06383392214775085 -0.0001597229711478576 1.0 4.434784841578221e-06 0.02540425956249237 -0.00012539543968159705 -4.4548132791533135e-06 1.0 0.015303725376725197
 TIME 2.890568733215332 1.0 2.1573530830210075e-05 -8.962483843788505e-05 0.03151148185133934 -2.1569805539911613e-05 1.0 4.1582079575164244e-05 -0.018916629254817963 8.962573338067159e-05 -4.158014417043887e-05 1.0 0.008708297275006771
 TIME 2.923921823501587 1.0 7.564292900497094e-05 5.678052912116982e-05 -0.008804614655673504 -7.56495792302303e-05 1.0 0.0001171090843854472 -0.006570286583155394 -5.677167064277455e-05 -0.00011711338447639719 1.0 0.02066664770245552
 TIME 2.95731520652771 0.9999999403953552 0.0003238329372834414 0.00010604492854326963 -0.07406002283096313 -0.00032382761128246784 0.9999999403953552 -5.039044845034368e-05 0.028667230159044266 -0.00010606124124024063 5.035610593040474e-05 1.0 -0.11668863892555237
 TIME 2.9906363487243652 1.0 2.3978884655662114e-06 -7.376117719104514e-05 0.016281137242913246 -2.3953675736265723e-06 1.0 3.417761763557792e-05 -0.039903394877910614 7.37612645025365e-05 -3.417743937461637e-05 1.0 -0.07504867762327194
 TIME 3.023972749710083 1.0 -0.0001953442842932418 -9.75202492554672e-05 0.0491105355322361 0.0001953582832356915 1.0 0.00014359359920490533 -0.08344664424657822 9.749220043886453e-05 -0.00014361264766193926 1.0 -0.04935527965426445
 TIME 3.057382822036743 1.0 0.00014741116319783032 3.394908617337933e-06 -0.026342665776610374 -0.00014741085760761052 1.0 -8.98903381312266e-05 0.0461074635386467 -3.4081595003954135e-06 8.988983609015122e-05 1.0 -0.015959996730089188
 TIME 3.090740919113159 1.0 8.531320781912655e-05 -1.8724161918726168e-06 -0.009756643325090408 -8.531310595571995e-05 1.0 5.274141949485056e-05 -0.01677568629384041 1.8769158032228006e-06 -5.274125942378305e-05 1.0 -0.06553373485803604
 TIME 3.124100685119629 1.0 -0.00018746890418697149 -0.00011696183355525136 0.07478534430265427 0.00018749854643829167 0.9999999403953552 0.00025346054462715983 -0.061012573540210724 0.00011691431427607313 -0.00025348245981149375 0.9999999403953552 0.03183785080909729
 TIME 3.157466411590576 1.0 -9.640331700211391e-05 -0.00022057953174225986 0.08579421043395996 9.641555516282097e-05 1.0 5.545220847125165e-05 0.02321759983897209 0.00022057417663745582 -5.547347609535791e-05 1.0 -0.012679207138717175
 TIME 3.1908626556396484 1.0 8.32636360428296e-05 -4.0244027331937104e-05 0.005692814476788044 -8.326411625603214e-05 1.0 -1.2067363059031777e-05 0.006230876315385103 4.024301961180754e-05 1.2070713637513109e-05 1.0 -0.0044900099746882915
 TIME 3.224151372909546 1.0 0.00015250050637405366 -2.021590080403257e-05 0.018473081290721893 -0.00015249931311700493 1.0 5.9288067859597504e-05 0.013885248452425003 2.0224941181368195e-05 -5.92849864915479e-05 1.0 -0.01559564657509327
 TIME 3.2575175762176514 1.0 5.0594768254086375e-05 -9.79261749307625e-05 0.01633785478770733 -5.059161412646063e-05 1.0 3.221535371267237e-05 -0.04963952302932739 9.792780474526808e-05 -3.221039878553711e-05 1.0 -0.08621784299612045
 TIME 3.2909140586853027 1.0 -2.57268147834111e-05 -5.753377627115697e-05 0.056375641375780106 2.5740841010701843e-05 0.9999999403953552 0.00024381700495723635 -0.09256356954574585 5.752750439569354e-05 -0.00024381848925258964 0.9999999403953552 0.037598274648189545
 TIME 3.3242409229278564 1.0 4.084876491106115e-05 -0.00012926559429615736 0.050476834177970886 -4.0834253013599664e-05 1.0 0.00011226635979255661 -0.022009070962667465 0.0001292701781494543 -0.00011226107744732872 1.0 -0.011553186923265457
 TIME 3.3575632572174072 1.0 0.00018404309230390936 0.00010727867629611865 -0.020043490454554558 -0.00018404748698230833 1.0 4.091996015631594e-05 -0.04505670443177223 -0.00010727114567998797 -4.0939703467302024e-05 1.0 0.00479040015488863
 TIME 3.3909687995910645 1.0 0.00024013282381929457 -4.2680032493080944e-05 0.0029204594902694225 -0.00024013635993469507 0.9999999403953552 -8.280619658762589e-05 0.024721624329686165 4.266014730092138e-05 8.281644841190428e-05 1.0 0.01492344867438078
 TIME 3.4242773056030273 1.0 0.0002299175102962181 6.250204023672268e-05 -0.03438923880457878 -0.0002299155166838318 1.0 -3.205638495273888e-05 0.0038388564717024565 -6.250941078178585e-05 3.204201129847206e-05 1.0 0.05024512857198715
 TIME 3.457663059234619 0.9999999403953552 0.0002513958315830678 -0.00010015237785410136 0.012847102247178555 -0.0002514019433874637 0.9999999403953552 -6.079889499233104e-05 -0.012510213069617748 0.00010013709106715396 6.0824073443654925e-05 1.0 -0.07604046911001205
 TIME 3.491032123565674 1.0 7.376667053904384e-05 -0.00014932123303879052 0.06446859985589981 -7.376790745183825e-05 1.0 -8.262845767603721e-06 -0.020291553810238838 0.00014932062185835093 8.273860657936893e-06 1.0 -0.06184527277946472
 TIME 3.524406909942627 1.0 -1.9646726286737248e-05 -0.00017563799337949604 0.07295095175504684 1.963888280442916e-05 1.0 -4.4655655074166134e-05 -0.025800589472055435 0.00017563888104632497 4.4652202632278204e-05 1.0 -0.04784594848752022
 TIME 3.557739734649658 1.0 0.00014053360791876912 -1.0074334568344057e-05 -0.023162657395005226 -0.0001405336515745148 1.0 -4.8264864744851366e-06 0.02523346245288849 1.0073656085296534e-05 4.827902102988446e-06 1.0 -0.1112610325217247
 TIME 3.5911788940429688 1.0 0.00013325548206921667 -3.084757554461248e-05 0.010188560001552105 -0.0001332587853539735 1.0 -0.00010708321497077122 0.07475899904966354 3.083330375375226e-05 0.00010708732588682324 1.0 0.016777005046606064
 TIME 3.6245341300964355 0.9999999403953552 0.00029110489413142204 1.1614345567068085e-05 -0.05187170207500458 -0.0002911047195084393 0.9999999403953552 -1.5632649592589587e-05 0.024492740631103516 -1.1618895769061055e-05 1.562926627229899e-05 1.0 -0.06889748573303223
 TIME 3.657917022705078 1.0 5.552238508244045e-05 -0.0001467472466174513 0.058218613266944885 -5.549898196477443e-05 1.0 0.00015949146472848952 -0.04301989823579788 0.00014675609418191016 -0.00015948331565596163 1.0 -0.002279663924127817
 TIME 3.6911780834198 1.0 2.1546054995269515e-05 1.525495736132143e-05 0.016130315139889717 -2.154813046217896e-05 1.0 0.00013607621076516807 0.00764449080452323 -1.5252025150402915e-05 -0.0001360765309073031 1.0 0.02422146685421467
 TIME 3.7244911193847656 1.0 8.352121221832931e-05 -4.738327334052883e-05 0.041275084018707275 -8.351291035069153e-05 1.0 0.00017521549307275563 0.023738393560051918 4.7397905291290954e-05 -0.00017521153495181352 1.0 0.0695737972855568
 TIME 3.757871150970459 1.0 -4.4513864850159734e-05 -5.694906576536596e-05 0.040934138000011444 4.4524545955937356e-05 1.0 0.00018756897770799696 -0.037496794015169144 5.694071660400368e-05 -0.00018757152429316193 1.0 0.023489244282245636
 TIME 3.7915961742401123 0.9999999403953552 -0.0002573309757281095 8.30147837405093e-05 0.06392256170511246 0.0002573205856606364 0.9999999403953552 0.0001251881622010842 0.020786471664905548 -8.304699440486729e-05 -0.00012516679998952895 1.0 0.049612175673246384
 TIME 3.824603319168091 1.0 0.00013160651724319905 0.0001201697887154296 -0.027128636837005615 -0.00013163581024855375 0.9999999403953552 0.00024379427486564964 -0.020801911130547523 -0.00012013770174235106 -0.00024381009279750288 0.9999999403953552 -0.013551144860684872
 TIME 3.857936143875122 1.0 -3.431126970099285e-05 -1.5454548702109605e-05 0.05614440515637398 3.43122701451648e-05 1.0 6.486901111202314e-05 0.03388788923621178 1.545232407806907e-05 -6.486954225692898e-05 1.0 0.02130301482975483
 TIME 3.8912875652313232 1.0 -6.140918412711471e-05 0.00013596084318123758 -0.017738865688443184 6.138434400781989e-05 1.0 0.00018273835303261876 -0.047406647354364395 -0.00013597206270787865 -0.00018273000023327768 1.0 0.004016362130641937
 TIME 3.9246785640716553 0.9999999403953552 0.0003069950907956809 9.509373194305226e-05 -0.07443629950284958 -0.0003070012608077377 0.9999999403953552 6.481786112999544e-05 -0.0005809872527606785 -9.507383219897747e-05 -6.484705227194354e-05 1.0 -0.08299022167921066
 TIME 3.9580020904541016 1.0 0.00016242281708400697 5.2288200095063075e-05 -0.008277594111859798 -0.00016242820129264146 1.0 0.00010306626063538715 -0.014347050338983536 -5.227145811659284e-05 -0.0001030747516779229 1.0 -0.014699656516313553
 TIME 3.991450309753418 1.0 0.00022210495080798864 3.792934512603097e-05 -0.031779296696186066 -0.00022210570750758052 1.0 1.9974129827460274e-05 0.03798484057188034 -3.7924906791886315e-05 -1.9982553567388095e-05 1.0 -0.0007621539989486337
 TIME 4.024844169616699 1.0 -6.224835669854656e-05 7.850258043617941e-06 0.0613194964826107 6.224726530490443e-05 1.0 0.00013849454990122467 -0.009103475138545036 -7.858879143896047e-06 -0.00013849406968802214 1.0 0.111451156437397
 TIME 4.058091878890991 1.0 -0.00020783099171239883 -0.00010755699622677639 0.11479256302118301 0.00020788003166671842 0.9999998807907104 0.00045622437028214335 -0.15672098100185394 0.00010746216867119074 -0.00045624669292010367 0.9999998807907104 0.036446377635002136
 TIME 4.091429710388184 0.9999998211860657 0.0005392070743255317 0.00016486337699461728 0.23086830973625183 -0.0005392255261540413 0.9999998211860657 0.00011158808774780482 -0.04728099703788757 -0.00016480317572131753 -0.00011167696357006207 1.0 -0.10563752800226212
 TIME 4.1248509883880615 0.9999745488166809 0.0035817380994558334 0.006168080493807793 2.175691843032837 -0.003579692216590047 0.9999935626983643 -0.00034269271418452263 -0.015245435759425163 -0.006169267930090427 0.0003206041583325714 0.9999809265136719 -0.4584241509437561
 TIME 4.158205032348633 0.9998250007629395 0.0034248484298586845 0.018390750512480736 1.7518913745880127 -0.003381149610504508 0.9999914169311523 -0.0024066998157650232 -0.014349542558193207 -0.018398836255073547 0.002344096777960658 0.9998279809951782 -0.7072370648384094
 TIME 4.191542387008667 0.9997656941413879 0.0019467724487185478 0.021558010950684547 0.7501690983772278 -0.0018987273797392845 0.9999956488609314 -0.0022488825488835573 -0.0392557829618454 -0.02156229503452778 0.0022074228618294 0.9997650980949402 -0.8812893629074097
 TIME 4.224902391433716 0.9997504949569702 0.0020753254648298025 0.022239215672016144 0.5599396824836731 -0.002034029457718134 0.9999961853027344 -0.0018793575000017881 -0.11455881595611572 -0.022243032231926918 0.0018336534267291427 0.9997509121894836 -0.770794153213501
 TIME 4.258264541625977 0.9997577667236328 0.0021415972150862217 0.0219059269875288 0.7801625728607178 -0.002100294455885887 0.9999959468841553 -0.001908295787870884 -0.08889266103506088 -0.0219099260866642 0.0018618246540427208 0.999758243560791 -0.7134526371955872
 TIME 4.29156231880188 0.9997509121894836 0.002407039748504758 0.022187767550349236 0.9475013613700867 -0.0023673870600759983 0.9999955296516418 -0.0018132346449419856 -0.12743420898914337 -0.022192033007740974 0.0017602560110390186 0.9997521638870239 -0.7477720975875854
 TIME 4.325005769729614 0.9997178316116333 0.0023754453286528587 0.023633774369955063 0.5216693878173828 -0.002329866634681821 0.9999953508377075 -0.001955892890691757 -0.13476943969726562 -0.02363831177353859 0.001900277566164732 0.9997187852859497 -0.7062780261039734
 TIME 4.358970403671265 0.9997277855873108 0.0025863011833280325 0.023186801001429558 0.5702506303787231 -0.002536931075155735 0.9999944567680359 -0.002158391522243619 -0.0290919691324234 -0.023192254826426506 0.0020989805925637484 0.999728798866272 -0.9459987282752991
 TIME 4.3918657302856445 0.9997551441192627 0.0016308462945744395 0.022066794335842133 0.39609453082084656 -0.001585140940733254 0.999996542930603 -0.0020885600242763758 -0.17408238351345062 -0.022070124745368958 0.0020530696492642164 0.9997543096542358 -1.0175882577896118
 TIME 4.425421953201294 0.9997929334640503 0.002041615080088377 0.020247172564268112 1.419182538986206 -0.00199635187163949 0.9999954700469971 -0.002255490515381098 -0.1026371568441391 -0.0202516857534647 0.002214602893218398 0.9997924566268921 -0.39733853936195374
 TIME 4.458360195159912 0.9997264742851257 0.003063415875658393 0.02318526804447174 2.615567922592163 -0.003007263410836458 0.9999924898147583 -0.002456382615491748 -0.07004550099372864 -0.023192618042230606 0.002385986503213644 0.9997281432151794 -0.036618322134017944
 TIME 4.491756916046143 0.9995139837265015 0.005086460150778294 0.030755432322621346 4.06576681137085 -0.004981964360922575 0.9999815821647644 -0.0034733028151094913 0.19973137974739075 -0.030772531405091286 0.003318392438814044 0.9995208978652954 0.41810113191604614
 TIME 4.525122165679932 0.9989070296287537 0.008560231886804104 0.04595034196972847 3.998446226119995 -0.008372639305889606 0.9999558329582214 -0.004273418802767992 0.6702629327774048 -0.045984894037246704 0.003884022356942296 0.9989345669746399 1.7887275218963623
 TIME 4.558891534805298 0.9981109499931335 0.008493549190461636 0.06084895879030228 5.864756107330322 -0.008238389156758785 0.9999563097953796 -0.004442980512976646 0.6711096167564392 -0.06088403984904289 0.003933290019631386 0.9981371164321899 2.207704544067383
 TIME 4.591962099075317 0.9964966773986816 0.012406527996063232 0.0827060416340828 6.309691905975342 -0.012037932872772217 0.9999152421951294 -0.004953867290169001 0.9448336362838745 -0.08276050537824631 0.003940902650356293 0.9965616464614868 3.7072806358337402
 TIME 4.625326871871948 0.9948438405990601 0.013733305968344212 0.10048352181911469 5.650766849517822 -0.01312231458723545 0.9998911023139954 -0.0067389775067567825 1.0856037139892578 -0.10056513547897339 0.005385654512792826 0.9949159026145935 3.8452281951904297
 TIME 4.65869927406311 0.9944859743118286 0.01412457786500454 0.10391406714916229 5.564493656158447 -0.013497796840965748 0.9998862147331238 -0.006732494570314884 1.035304069519043 -0.10399734228849411 0.0052927592769265175 0.9945635199546814 3.729583263397217
 TIME 4.6919636726379395 0.9942603707313538 0.01441872026771307 0.10601215809583664 5.638113498687744 -0.013814184814691544 0.999883770942688 -0.006434647832065821 1.016456961631775 -0.10609264671802521 0.0049332426860928535 0.9943440556526184 3.6308553218841553
 TIME 4.725376844406128 0.9940907955169678 0.01455558743327856 0.10757136344909668 5.603318691253662 -0.013847190886735916 0.9998772144317627 -0.007329410873353481 1.0376068353652954 -0.10766484588384628 0.005796538200229406 0.9941704869270325 3.650702953338623
 TIME 4.75864052772522 0.9940369725227356 0.014316337183117867 0.1080995500087738 5.673617362976074 -0.0135588888078928 0.9998781085014343 -0.00773872435092926 0.8976573944091797 -0.1081971749663353 0.0062268683686852455 0.9941099882125854 3.3942108154296875
 TIME 4.792026519775391 0.993804395198822 0.016373906284570694 0.10993025451898575 5.717564105987549 -0.015511301346123219 0.9998418092727661 -0.008697488345205784 1.0402933359146118 -0.11005529761314392 0.006938439793884754 0.9939013123512268 3.7011990547180176
 TIME 4.825514078140259 0.9932956099510193 0.015871798619627953 0.11450627446174622 5.710676193237305 -0.015085873194038868 0.9998562932014465 -0.007726963609457016 0.8321821093559265 -0.11461245268583298 0.005947731900960207 0.9933925271034241 3.215531587600708
 TIME 4.858858108520508 0.9939277768135071 0.008738859556615353 0.10968652367591858 5.694522380828857 -0.007908557541668415 0.9999366402626038 -0.00800254661589861 0.7191389203071594 -0.10974953323602676 0.0070864916779100895 0.9939340949058533 3.0624494552612305
 TIME 4.892072439193726 0.9956265091896057 0.007288494613021612 0.09313885122537613 5.638432025909424 -0.006493625231087208 0.9999398589134216 -0.0088344756513834 0.6049243211746216 -0.09319764375686646 0.008191028609871864 0.9956139922142029 2.79799222946167
 TIME 4.925383806228638 0.9964169859886169 0.004159101750701666 0.08447316288948059 5.160382270812988 -0.00336285843513906 0.9999485611915588 -0.009566054679453373 0.4446549117565155 -0.08450861275196075 0.009247709065675735 0.9963799118995667 2.814178466796875
 TIME 4.958956718444824 0.9973261952400208 0.0025441329926252365 0.07303435355424881 5.076294898986816 -0.001871802844107151 0.9999551773071289 -0.009272634983062744 0.34035059809684753 -0.07305467128753662 0.009111136198043823 0.9972864389419556 1.981283187866211
 TIME 4.992094993591309 0.9980071187019348 0.0014601773582398891 0.06308324635028839 4.338772296905518 -0.001122999587096274 0.999984860420227 -0.005380080547183752 0.12227226793766022 -0.06309014558792114 0.005298516247421503 0.9979938268661499 1.8304932117462158
 TIME 5.025489330291748 0.9983493089675903 0.002117420546710491 0.057394105941057205 2.6945855617523193 -0.0018959867302328348 0.9999904632568359 -0.003912313841283321 0.021016456186771393 -0.05740185081958771 0.0037970365956425667 0.9983440041542053 1.978346347808838
 TIME 5.058888912200928 0.9987676739692688 0.00031470367684960365 0.04962890222668648 1.9008444547653198 -0.00013751286314800382 0.999993622303009 -0.0035736889112740755 0.03902104124426842 -0.049629706889390945 0.0035624601878225803 0.9987613558769226 2.126985549926758
 TIME 5.092227458953857 0.9991127252578735 -0.00013019157631788403 0.04211605340242386 1.824424386024475 0.0002524204319342971 0.999995768070221 -0.0028968865517526865 -0.034010957926511765 -0.04211549833416939 0.0029049471486359835 0.9991085529327393 2.451183557510376
 TIME 5.125602960586548 0.9992992877960205 0.0015187709359452128 0.037397608160972595 1.5851994752883911 -0.001395205850712955 0.9999935030937195 -0.003329967148602009 0.42733311653137207 -0.037402424961328506 0.003275456605479121 0.9992949366569519 2.7982001304626465
 TIME 5.158963203430176 0.9994196891784668 0.000851004384458065 0.03405285254120827 1.8123723268508911 -0.0007599784876219928 0.9999961256980896 -0.0026859308127313852 0.37262481451034546 -0.03405500575900078 0.0026584926526993513 0.9994164109230042 3.052464723587036
 TIME 5.192463159561157 0.9994816184043884 0.00021079838916193694 0.03219332918524742 1.426796317100525 -0.00014955707592889667 0.999998152256012 -0.0019046941306442022 0.06392184644937515 -0.03219367191195488 0.0018988921074196696 0.9994798302650452 2.562441349029541
 TIME 5.225749492645264 0.9995796084403992 4.850211553275585e-05 0.028993340209126472 1.070149302482605 1.9340095605002716e-05 0.9999972581863403 -0.002339639002457261 0.19081440567970276 -0.02899337373673916 0.0023392161820083857 0.9995768666267395 2.4369404315948486
 TIME 5.258984088897705 0.9996336698532104 0.0007442309870384634 0.027055134996771812 1.0049834251403809 -0.0006846180185675621 0.9999973177909851 -0.0022125840187072754 0.33338940143585205 -0.027056708931922913 0.00219325115904212 0.9996314644813538 2.738368272781372
 TIME 5.292336702346802 0.9996442198753357 0.0009375090012326837 0.02665545791387558 1.167259931564331 -0.0008841403177939355 0.9999975562095642 -0.0020138805266469717 0.35455262660980225 -0.026657281443476677 0.0019895967561751604 0.9996426701545715 2.6844570636749268
 TIME 5.32567834854126 0.999640166759491 0.0009808539180085063 0.0268065445125103 1.208284854888916 -0.0009072074899449944 0.999995768070221 -0.002759352093562484 0.5750181674957275 -0.02680913731455803 0.0027340399101376534 0.9996368288993835 2.453296422958374
