 TIME 9.5367431640625e-05 1.0 0.0 0.0 0.0 0.0 1.0 0.0 0.0 0.0 0.0 1.0 0.0
 TIME 0.04112529754638672 0.9999999403953552 0.0003632583830039948 -0.00013046982348896563 0.00014198855205904692 -0.00036304708919487894 0.9999986290931702 0.0016159919323399663 -7.703196024522185e-05 0.0001310566731262952 -0.001615944434888661 0.9999986886978149 0.0005676106084138155
 TIME 0.08679676055908203 0.9999973773956299 0.002294261008501053 -9.776768274605274e-05 0.00019905393128283322 -0.002294092206284404 0.9999959468841553 0.0016916481545194983 -1.4592742445529439e-05 0.00010164836567128077 -0.0016914193984121084 0.9999985694885254 0.001047654077410698
 TIME 0.12441205978393555 0.9999991655349731 0.0012160600163042545 0.0003681110392790288 0.0005391848389990628 -0.0012163608334958553 0.999998927116394 0.0008179195574484766 0.0002956103999167681 -0.0003671160084195435 -0.0008183666504919529 0.9999995827674866 0.0015010503120720387
 TIME 0.1583249568939209 0.9999998211860657 -0.00030940704164095223 0.0005144963506609201 0.0009083739132620394 0.0003087800578214228 0.9999992251396179 0.001218266086652875 0.00023923175467643887 -0.0005148728378117085 -0.0012181069469079375 0.9999991059303284 0.0015240036882460117
 TIME 0.19106459617614746 0.9999991655349731 -0.001093840692192316 0.0006689810543321073 0.0007442692294716835 0.0010918574407696724 0.9999950528144836 0.0029577731620520353 -0.0004026062088087201 -0.0006722130929119885 -0.002957040211185813 0.9999954104423523 0.0021776470821350813
 TIME 0.22370672225952148 0.9999997615814209 -0.0004987678839825094 0.0005246133077889681 0.0008014413178898394 0.0004968579160049558 0.9999932646751404 0.003634599968791008 -0.0007589419838041067 -0.0005264226347208023 -0.003634338267147541 0.9999932646751404 0.0022917266469448805
 TIME 0.2565786838531494 0.999998927116394 -0.0007928693084977567 0.0012080671731382608 0.00041416584281250834 0.0007870909757912159 0.9999882578849792 0.004776122979819775 -0.0012579465983435512 -0.0012118398444727063 -0.004775166977196932 0.9999878406524658 0.002197091467678547
 TIME 0.29048848152160645 0.9999985694885254 -0.0014931458281353116 0.0007600403623655438 0.0007773427059873939 0.001488555339165032 0.9999808669090271 0.006005029194056988 -0.0017150428611785173 -0.0007689921767450869 -0.006003889255225658 0.999981701374054 0.0031189089640975
 TIME 0.3233036994934082 0.9999978542327881 -0.001691807177849114 0.0011773958103731275 0.0008720569312572479 0.001683999435044825 0.9999768137931824 0.006601086817681789 -0.002400909550487995 -0.0011885362910106778 -0.006599090062081814 0.9999775290489197 0.003805117681622505
 TIME 0.35543203353881836 0.9999963045120239 -0.002337396377697587 0.00137844099663198 0.0007145928684622049 0.002328237984329462 0.9999754428863525 0.006608555093407631 -0.0028390963561832905 -0.0013938539195805788 -0.006605321541428566 0.9999772310256958 0.0035091291647404432
 TIME 0.38729286193847656 0.9999910593032837 -0.003718253457918763 0.00201107794418931 0.0006705321138724685 0.0037026384379714727 0.9999634027481079 0.007713272236287594 -0.00309265055693686 -0.0020396842155605555 -0.0077057573944330215 0.9999682307243347 0.004619799554347992
 TIME 0.42008471488952637 0.999988853931427 -0.004011445678770542 0.002486590761691332 0.0005128859193064272 0.003991570323705673 0.9999604821205139 0.007947237230837345 -0.0036016935482621193 -0.0025183723773807287 -0.00793722365051508 0.9999653100967407 0.004898818675428629
 TIME 0.448760986328125 0.9999855756759644 -0.004210310056805611 0.003339543240144849 0.000653016148135066 0.00418415293097496 0.9999608397483826 0.007801340892910957 -0.0035251693334430456 -0.0033722585067152977 -0.0077872551046311855 0.9999639987945557 0.00554979732260108
 TIME 0.48035717010498047 0.9999843239784241 -0.003533226205036044 0.004339911974966526 0.0003260040539316833 0.003494431497529149 0.9999541640281677 0.008914351463317871 -0.0034821846056729555 -0.0043712095357477665 -0.00889904610812664 0.9999508261680603 0.0059369029477238655
 TIME 0.5129013061523438 0.9999784231185913 -0.003006913233548403 0.005838961340487003 7.787401409586892e-05 0.0029468077700585127 0.9999428391456604 0.01027530524879694 -0.0033561449963599443 -0.005869525019079447 -0.01025787740945816 0.9999301433563232 0.006643675267696381
 TIME 0.5435366630554199 0.9999760985374451 -0.003258548444136977 0.006094581913203001 9.948696242645383e-05 0.0031883178744465113 0.9999288320541382 0.011497857049107552 -0.0036716843023896217 -0.006131614092737436 -0.011478151194751263 0.9999153017997742 0.006447480525821447
 TIME 0.571751594543457 0.9999746084213257 -0.002909539733082056 0.006502469535917044 0.0001412943674949929 0.0028271793853491545 0.999916136264801 0.012639541178941727 -0.003901115385815501 -0.006538699381053448 -0.01262083649635315 0.9998989701271057 0.0077280146069824696
 TIME 0.6020359992980957 0.9999706745147705 -0.0031216146890074015 0.006996153388172388 1.3885408407077193e-05 0.00303878216072917 0.9999255537986755 0.011819247156381607 -0.003618363058194518 -0.0070325275883078575 -0.011797640472650528 0.9999056458473206 0.00841786339879036
 TIME 0.6323785781860352 0.9999704360961914 -0.003907737787812948 0.0066220881417393684 0.0003857830015476793 0.003839404322206974 0.9999395608901978 0.01030054409056902 -0.0034725198056548834 -0.006661939900368452 -0.010274815373122692 0.9999250173568726 0.008935237303376198
 TIME 0.6630349159240723 0.9999713897705078 -0.0038435303140431643 0.006518725771456957 0.000515875406563282 0.0037820341531187296 0.9999485015869141 0.009419997222721577 -0.0038823611102998257 -0.006554595660418272 -0.009395073167979717 0.9999343752861023 0.009159726090729237
 TIME 0.692859411239624 0.9999710321426392 -0.0026080950628966093 0.007150313351303339 -7.350244413828477e-05 0.0025535025633871555 0.9999675750732422 0.007633517496287823 -0.0028594525065273046 -0.007169990800321102 -0.007615038193762302 0.9999452829360962 0.008432529866695404
 TIME 0.7242181301116943 0.999973475933075 -0.002697059651836753 0.006769215222448111 0.00020304415374994278 0.002641857136040926 0.9999632835388184 0.008150695823132992 -0.0025127320550382137 -0.006790949497371912 -0.008132596500217915 0.9999438524246216 0.008468009531497955
 TIME 0.7534105777740479 0.9999725818634033 -0.0019828372169286013 0.007133726961910725 0.0003695665509440005 0.001915544387884438 0.9999537467956543 0.009427560493350029 -0.0025308330077677965 -0.007152089849114418 -0.009413637220859528 0.9999300837516785 0.008057468570768833
 TIME 0.7835519313812256 0.999975323677063 -0.0024444281589239836 0.006584819406270981 0.0003563124337233603 0.0023762183263897896 0.9999436736106873 0.010346603579819202 -0.003131229430437088 -0.006609739735722542 -0.010330701246857643 0.9999247789382935 0.008030278608202934
 TIME 0.8151745796203613 0.9999815821647644 -0.001236533047631383 0.005946108605712652 0.000656283984426409 0.0011874680640175939 0.999965250492096 0.008248061873018742 -0.0028414856642484665 -0.005956101231276989 -0.008240848779678345 0.9999483227729797 0.009256393648684025
 TIME 0.84848952293396 0.9999749660491943 -0.0021807304583489895 0.006728735286742449 4.824711140827276e-05 0.002143992343917489 0.9999827742576599 0.005462283734232187 -0.0023002487141638994 -0.006740530952811241 -0.005447720643132925 0.9999624490737915 0.00862270686775446
 TIME 0.8822112083435059 0.9999702572822571 -0.003464711597189307 0.006893104407936335 0.00038873081211932003 0.003435713006183505 0.9999852180480957 0.004214293789118528 -0.002656978787854314 -0.006907603703439236 -0.004190485924482346 0.9999673366546631 0.0096060112118721
 TIME 0.9150407314300537 0.9999664425849915 -0.003504500025883317 0.007402925752103329 0.0007516428595408797 0.0034796397667378187 0.9999882578849792 0.0033683856017887592 -0.0025216208305209875 -0.007414643652737141 -0.003342512995004654 0.9999669194221497 0.010541892610490322
 TIME 0.9466860294342041 0.9999590516090393 -0.0034300279803574085 0.008374160155653954 0.0006426919135265052 0.0034082529600709677 0.9999907612800598 0.0026131565682590008 -0.002267120173200965 -0.00838304590433836 -0.002584508154541254 0.9999614953994751 0.011774984188377857
 TIME 0.9773061275482178 0.9999527931213379 -0.0033818071242421865 0.00911162979900837 0.0005687451921403408 0.003341946518048644 0.9999848008155823 0.004386378452181816 -0.002402118407189846 -0.009126325137913227 -0.0043557207100093365 0.9999488592147827 0.012647820636630058
 TIME 1.0061538219451904 0.9999539852142334 -0.003540357807651162 0.008913916535675526 0.001530501525849104 0.0034727470483630896 0.9999651908874512 0.0075889588333666325 -0.0030836439691483974 -0.008940473198890686 -0.007557653822004795 0.9999314546585083 0.014002170413732529
 TIME 1.0385477542877197 0.99995356798172 -0.004669907968491316 0.008430722169578075 0.002855236642062664 0.004591715056449175 0.9999464750289917 0.009270441718399525 -0.003961395006626844 -0.008473563008010387 -0.00923129916191101 0.9999215006828308 0.01760042831301689
 TIME 1.0690300464630127 0.9999430179595947 -0.008352385833859444 0.006650412455201149 0.00447471160441637 0.008310622535645962 0.9999457001686096 0.0062829251401126385 -0.00483658816665411 -0.006702529266476631 -0.006227297708392143 0.9999581575393677 0.020451687276363373
 TIME 1.100154161453247 0.9998764991760254 -0.015042255632579327 0.004556794185191393 0.006049753166735172 0.015033046714961529 0.9998849034309387 0.0020483853295445442 -0.004995372612029314 -0.004587081726640463 -0.0019796297419816256 0.9999875426292419 0.022335808724164963
 TIME 1.1315815448760986 0.9998198747634888 -0.018740303814411163 0.002993351314216852 0.006437864154577255 0.018738506361842155 0.9998242259025574 0.0006272394093684852 -0.004799545276910067 -0.0030045798048377037 -0.000571035488974303 0.9999953508377075 0.02291220612823963
 TIME 1.1637344360351562 0.999734103679657 -0.0230534840375185 0.0004571708559524268 0.008805080316960812 0.023053715005517006 0.999734103679657 -0.0005063316784799099 -0.004445997532457113 -0.00044537658686749637 0.0005167365306988358 0.9999997615814209 0.0251710657030344
 TIME 1.1947965621948242 0.9996834397315979 -0.024954235181212425 0.003214312484487891 0.01028030551970005 0.024954644963145256 0.9996885657310486 -8.734288712730631e-05 -0.0027577662840485573 -0.0032111320178955793 0.00016752726514823735 0.9999948143959045 0.028326716274023056
 TIME 1.2259690761566162 0.9996236562728882 -0.02697097510099411 0.005011084955185652 0.010664270259439945 0.026920314878225327 0.9995883703231812 0.009916065260767937 -0.003233719617128372 -0.0052764685824513435 -0.00977743323892355 0.9999382495880127 0.030584368854761124
 TIME 1.25868821144104 0.9996904730796814 -0.024532442912459373 0.004136682488024235 0.012553263455629349 0.024429626762866974 0.9994299411773682 0.02330196462571621 -0.0019370998488739133 -0.004705978557467461 -0.02319369465112686 0.9997199177742004 0.038966111838817596
 TIME 1.2912673950195312 0.9997273683547974 -0.023059729486703873 0.0036584630142897367 0.01286699716001749 0.022915512323379517 0.9991069436073303 0.03549889847636223 -0.002862163120880723 -0.004473790526390076 -0.03540538251399994 0.9993630051612854 0.04522417485713959
 TIME 1.3229711055755615 0.9996662139892578 -0.025815334171056747 0.0010169075103476644 0.014069129712879658 0.025743328034877777 0.9986526966094971 0.045056235045194626 -0.0034000591840595007 -0.0021786789875477552 -0.045015014708042145 0.9989839196205139 0.05271835997700691
 TIME 1.3532438278198242 0.9995744228363037 -0.0291350819170475 -0.0014739239122718573 0.015315616503357887 0.02917233482003212 0.9982665777206421 0.051115427166223526 -0.004258842207491398 -1.7883125110529363e-05 -0.051136668771505356 0.9986916780471802 0.06018243730068207
 TIME 1.3840432167053223 0.9995430707931519 -0.030206480994820595 -0.00111882365308702 0.015975816175341606 0.030223730951547623 0.9981834888458252 0.052118200808763504 -0.004563111811876297 -0.0004575162020046264 -0.052128199487924576 0.9986402988433838 0.06480452418327332
 TIME 1.4134860038757324 0.9994720816612244 -0.03239617869257927 0.0024500370491296053 0.017341248691082 0.032233525067567825 0.9982314705848694 0.04994884133338928 -0.004973807372152805 -0.004063855856657028 -0.049843501299619675 0.998748779296875 0.07288800925016403
 TIME 1.4442415237426758 0.9993748664855957 -0.03392024338245392 0.009964408352971077 0.017916738986968994 0.033416323363780975 0.9983356595039368 0.04700286313891411 -0.005035798065364361 -0.011542173102498055 -0.046640507876873016 0.9988450407981873 0.07962704449892044
 TIME 1.4768342971801758 0.9992161393165588 -0.03524556756019592 0.01802477426826954 0.017682159319519997 0.03437308967113495 0.9983212947845459 0.04661654680967331 -0.005829780362546444 -0.019637541845440865 -0.0459604375064373 0.9987502098083496 0.08625243604183197
 TIME 1.5071394443511963 0.9990098476409912 -0.036089442670345306 0.026017898693680763 0.018397536128759384 0.03485426306724548 0.9983119368553162 0.046459175646305084 -0.006490910891443491 -0.027650663629174232 -0.04550633579492569 0.9985812902450562 0.09385163336992264
 TIME 1.5381450653076172 0.9986612200737 -0.03744862601161003 0.0356842465698719 0.018489640206098557 0.035844337195158005 0.9983623623847961 0.04458410292863846 -0.006339916959404945 -0.037295423448085785 -0.043245334178209305 0.9983681440353394 0.102068230509758
 TIME 1.5696663856506348 0.998456597328186 -0.038484711199998856 0.040041375905275345 0.018088718876242638 0.036696672439575195 0.9983364939689636 0.04447038844227791 -0.006902239751070738 -0.04168619588017464 -0.04293236881494522 0.9982079267501831 0.1052224263548851
 TIME 1.6019291877746582 0.9980438947677612 -0.03966205567121506 0.04832516983151436 0.0182600449770689 0.037444762885570526 0.9982414841651917 0.04595521092414856 -0.007246725726872683 -0.0500628687441349 -0.044055793434381485 0.9977739453315735 0.11266925185918808
 TIME 1.6318774223327637 0.9975572228431702 -0.039404213428497314 0.05767897889018059 0.018258877098560333 0.03670736402273178 0.9982158541679382 0.047091975808143616 -0.00804432574659586 -0.05943169444799423 -0.04485969617962837 0.9972239136695862 0.12081127613782883
 TIME 1.662107229232788 0.9968870878219604 -0.04109150916337967 0.06728733330965042 0.017151493579149246 0.03794410452246666 0.9981548190116882 0.04740419238805771 -0.009181616827845573 -0.06911108642816544 -0.04470347240567207 0.9966068863868713 0.12652413547039032
 TIME 1.6917006969451904 0.99617999792099 -0.04190797358751297 0.07661022990942001 0.018183544278144836 0.038274843245744705 0.9980996251106262 0.048292532563209534 -0.009119667112827301 -0.07848848402500153 -0.045175813138484955 0.9958909153938293 0.13614140450954437
 TIME 1.7215995788574219 0.9957442283630371 -0.04291157424449921 0.081559918820858 0.017836250364780426 0.039002060890197754 0.9980400204658508 0.04893813282251358 -0.009718300774693489 -0.08350007981061935 -0.045548856258392334 0.9954662322998047 0.13938432931900024
 TIME 1.751953363418579 0.9949144124984741 -0.04435448348522186 0.09043211489915848 0.0181307140737772 0.04005918279290199 0.998006284236908 0.0487724132835865 -0.010455606505274773 -0.09241509437561035 -0.04490174353122711 0.9947076439857483 0.14697504043579102
 TIME 1.781214714050293 0.9940828084945679 -0.04611964896321297 0.0983479768037796 0.018141742795705795 0.04159904271364212 0.9980031251907349 0.047531843185424805 -0.011409945785999298 -0.1003437414765358 -0.04315941035747528 0.9940162897109985 0.15400700271129608
 TIME 1.8114354610443115 0.9933756589889526 -0.046724263578653336 0.10498420149087906 0.018574409186840057 0.04219842702150345 0.9980986714363098 0.04492615535855293 -0.011299834586679935 -0.10688372701406479 -0.04019838199019432 0.9934585690498352 0.1606314778327942
 TIME 1.8410611152648926 0.9928779006004333 -0.044933710247278214 0.11033803224563599 0.01866506040096283 0.04047380015254021 0.9982833862304688 0.042333874851465225 -0.011116310954093933 -0.1120508462190628 -0.037566568702459335 0.992992103099823 0.16607482731342316
 TIME 1.8695905208587646 0.992655873298645 -0.04459685832262039 0.11245181411504745 0.019101345911622047 0.04022931680083275 0.9983565211296082 0.04081478714942932 -0.011145338416099548 -0.11408720910549164 -0.035991180688142776 0.9928185939788818 0.16835181415081024
 TIME 1.8990745544433594 0.9921947717666626 -0.04292282089591026 0.11707881093025208 0.01931803673505783 0.03872956708073616 0.9985323548316956 0.03785955533385277 -0.011898373253643513 -0.11853200942277908 -0.03302963823080063 0.9924008250236511 0.17377731204032898
 TIME 1.9291903972625732 0.9916528463363647 -0.04230315983295441 0.12179939448833466 0.01882830820977688 0.03825632855296135 0.9986416101455688 0.03537530079483986 -0.01206471398472786 -0.1231304332613945 -0.030420418828725815 0.9919241666793823 0.17643673717975616
 TIME 1.9575231075286865 0.9911351799964905 -0.041326336562633514 0.1262667179107666 0.019443020224571228 0.037340857088565826 0.998731791973114 0.03377055004239082 -0.011865277774631977 -0.1275022029876709 -0.028756272047758102 0.9914214015007019 0.18023386597633362
 TIME 1.9872446060180664 0.9909037947654724 -0.04059024900197983 0.12830497324466705 0.019261466339230537 0.03667670860886574 0.9987913370132446 0.032719746232032776 -0.011742998845875263 -0.12947800755500793 -0.027716312557458878 0.9911949038505554 0.18220160901546478
 TIME 2.0152852535247803 0.9906983375549316 -0.03860872611403465 0.13048435747623444 0.02000046893954277 0.035048503428697586 0.9989510178565979 0.0294727124273777 -0.01164783164858818 -0.13148537278175354 -0.02462528832256794 0.9910122752189636 0.18560625612735748
 TIME 2.0424835681915283 0.9907004833221436 -0.03598608821630478 0.13121551275253296 0.02015101909637451 0.033044230192899704 0.9991528391838074 0.024529598653316498 -0.01122681051492691 -0.131987065076828 -0.019965562969446182 0.9910504221916199 0.18815113604068756
 TIME 2.0714592933654785 0.9906879663467407 -0.03428978845477104 0.13176314532756805 0.020052634179592133 0.03164134547114372 0.9992539882659912 0.02214205265045166 -0.01082148402929306 -0.13242410123348236 -0.017766697332262993 0.9910339117050171 0.18799448013305664
 TIME 2.0994343757629395 0.9904235005378723 -0.03413447365164757 0.1337762475013733 0.019943218678236008 0.03188157081604004 0.9993121027946472 0.018947508186101913 -0.01066978182643652 -0.13433097302913666 -0.01450105756521225 0.9908304810523987 0.18900218605995178
 TIME 2.1277716159820557 0.990320086479187 -0.03330563008785248 0.13474734127521515 0.019876914098858833 0.03127353638410568 0.9993633031845093 0.017170054838061333 -0.010895960964262486 -0.13523343205451965 -0.01278981938958168 0.9907312393188477 0.19025202095508575
 TIME 2.1534152030944824 0.9903233647346497 -0.03252781182527542 0.13491332530975342 0.019403964281082153 0.030690263956785202 0.9994059801101685 0.015678253024816513 -0.009923205710947514 -0.13534316420555115 -0.011386015452444553 0.9907333850860596 0.18862897157669067
 TIME 2.179748773574829 0.9901861548423767 -0.031141607090830803 0.13624081015586853 0.019381776452064514 0.02928578108549118 0.9994492530822754 0.01560532208532095 -0.009923380799591541 -0.13665175437927246 -0.011462255381047726 0.9905528426170349 0.1889912635087967
 TIME 2.204374313354492 0.9901201128959656 -0.03036310337483883 0.1368950754404068 0.019289538264274597 0.02842227928340435 0.9994661211967468 0.01611034758388996 -0.010226622223854065 -0.1373111605644226 -0.01206030324101448 0.9904546737670898 0.19098232686519623
 TIME 2.232936382293701 0.990395724773407 -0.029007086530327797 0.1351843923330307 0.019481820985674858 0.02720310166478157 0.9995147585868835 0.0151731688529253 -0.009921072982251644 -0.13555893301963806 -0.011350004002451897 0.9907042980194092 0.19095619022846222
 TIME 2.2599215507507324 0.9906629920005798 -0.02815801277756691 0.13339413702487946 0.019207162782549858 0.026605233550071716 0.9995560646057129 0.013409063220024109 -0.00995615404099226 -0.1337125152349472 -0.009734880179166794 0.9909723401069641 0.19058266282081604
 TIME 2.288700819015503 0.9908257722854614 -0.02748779207468033 0.1323205828666687 0.01931755803525448 0.02604387328028679 0.9995810389518738 0.01263095997273922 -0.009768757969141006 -0.13261233270168304 -0.009068941697478294 0.9911265969276428 0.19094745814800262
 TIME 2.31479549407959 0.9911490678787231 -0.02794693224132061 0.12977851927280426 0.019156932830810547 0.026674233376979828 0.9995776414871216 0.011534933932125568 -0.009642194956541061 -0.1300460696220398 -0.007971096783876419 0.9914759397506714 0.1881922334432602
 TIME 2.3425378799438477 0.9912526607513428 -0.02820112369954586 0.12893052399158478 0.01889856532216072 0.026849040761590004 0.9995648860931396 0.012213345617055893 -0.010391741059720516 -0.12921886146068573 -0.008644849061965942 0.9915785193443298 0.18741099536418915
 TIME 2.373335123062134 0.9918050169944763 -0.026004502549767494 0.12508624792099 0.018729425966739655 0.024642420932650566 0.9996191263198853 0.012424393557012081 -0.009738234803080559 -0.12536169588565826 -0.009240148589015007 0.9920680522918701 0.18507662415504456
 TIME 2.401021718978882 0.9923915863037109 -0.024696826934814453 0.12061876803636551 0.0188760906457901 0.023334607481956482 0.9996472001075745 0.012693218886852264 -0.010199270211160183 -0.12088969349861145 -0.00978204794228077 0.9926177859306335 0.18438869714736938
 TIME 2.428213119506836 0.9932669401168823 -0.021670054644346237 0.11380313336849213 0.018823683261871338 0.02051103301346302 0.9997252821922302 0.011345639824867249 -0.009109330363571644 -0.11401773244142532 -0.008935032412409782 0.9934386014938354 0.1818152815103531
 TIME 2.453198194503784 0.993743360042572 -0.020434394478797913 0.1098022311925888 0.018564904108643532 0.019395852461457253 0.9997565746307373 0.01051818486303091 -0.008214019238948822 -0.1099904328584671 -0.008322669193148613 0.9938977956771851 0.1781577169895172
 TIME 2.4801218509674072 0.9945350289344788 -0.01671026460826397 0.10305693745613098 0.018048793077468872 0.01575879193842411 0.9998254179954529 0.01003982126712799 -0.007863158360123634 -0.10320671647787094 -0.00836089812219143 0.9946247935295105 0.1740807741880417
 TIME 2.506361722946167 0.9949346780776978 -0.014931008219718933 0.09940839558839798 0.018204964697360992 0.014068515039980412 0.9998570680618286 0.009371651336550713 -0.006933535914868116 -0.09953412413597107 -0.007925653830170631 0.9950026273727417 0.17276573181152344
 TIME 2.5324158668518066 0.9957160353660583 -0.011270658113062382 0.09177421033382416 0.017765706405043602 0.010602807626128197 0.9999138116836548 0.0077614206820726395 -0.0049922410398721695 -0.09185376763343811 -0.006755107082426548 0.9957495331764221 0.16768625378608704
 TIME 2.5602192878723145 0.9961349964141846 -0.009726030752062798 0.08729539066553116 0.017938202247023582 0.00913859810680151 0.9999328255653381 0.007126371376216412 -0.0041978079825639725 -0.08735883980989456 -0.006301070563495159 0.9961569905281067 0.16503724455833435
 TIME 2.5895776748657227 0.9968123435974121 -0.006088485009968281 0.07954880595207214 0.01715918257832527 0.0056695188395679 0.9999688863754272 0.005491580814123154 -0.0029860909562557936 -0.07957977056503296 -0.00502307154238224 0.9968158602714539 0.15744900703430176
 TIME 2.6161272525787354 0.9974027276039124 -0.003962984308600426 0.07191745191812515 0.016947947442531586 0.003595054382458329 0.9999797940254211 0.005244729109108448 -0.0013321987353265285 -0.07193678617477417 -0.004972560331225395 0.9973967671394348 0.14999063313007355
 TIME 2.643821954727173 0.9977577328681946 -0.002108829328790307 0.06689593195915222 0.017182612791657448 0.001740753068588674 0.999983012676239 0.005560033954679966 -0.00060030329041183 -0.06690651923418045 -0.005431117955595255 0.9977444410324097 0.147135391831398
 TIME 2.672051191329956 0.9982911944389343 0.0004321239539422095 0.05843334272503853 0.016412919387221336 -0.0006840456044301391 0.9999905228614807 0.004291319753974676 0.0002535702660679817 -0.05843092501163483 -0.004323957487940788 0.9982820749282837 0.14011670649051666
 TIME 2.6994495391845703 0.9987584948539734 0.0027684762608259916 0.0497378334403038 0.01702115312218666 -0.0028850571252405643 0.9999932646751404 0.0022722668945789337 0.00098328513558954 -0.04973120614886284 -0.002412942238152027 0.9987597465515137 0.13125506043434143
 TIME 2.726980686187744 0.9989110231399536 0.004499331582337618 0.046437837183475494 0.01645742729306221 -0.004562013316899538 0.9999887943267822 0.001243902137503028 0.0018275538459420204 -0.04643172025680542 -0.0014543975703418255 0.9989203810691833 0.12705868482589722
 TIME 2.754228115081787 0.9991105794906616 0.006329897325485945 0.04168842360377312 0.016014035791158676 -0.006327824667096138 0.9999799728393555 -0.0001816785370465368 0.0025504804216325283 -0.04168873652815819 -8.228007209254429e-05 0.9991306662559509 0.11785991489887238
 TIME 2.7804336547851562 0.9991646409034729 0.008946944959461689 0.03987416625022888 0.015473399311304092 -0.008886178955435753 0.9999590516090393 -0.001700937864370644 0.0028715638909488916 -0.03988775238394737 0.0013451881241053343 0.9992032647132874 0.1088484600186348
 TIME 2.8075594902038574 0.9991341829299927 0.010143248364329338 0.04034890979528427 0.01571303978562355 -0.010013783350586891 0.9999440312385559 -0.0034094492439180613 0.0030749854631721973 -0.040381234139204025 0.003002451965585351 0.9991798400878906 0.10635508596897125
 TIME 2.8348588943481445 0.9990115165710449 0.011305158957839012 0.04299026355147362 0.015227723866701126 -0.010982837527990341 0.9999098181724548 -0.007726380135864019 0.0031913300044834614 -0.043073736131191254 0.007246587425470352 0.9990456104278564 0.09903524816036224
 TIME 2.862713098526001 0.9989374279975891 0.011347969993948936 0.044667717069387436 0.015028102323412895 -0.010939250700175762 0.9998961091041565 -0.009384064935147762 0.002991695888340473 -0.044769566506147385 0.008885462768375874 0.9989578127861023 0.09550536423921585
 TIME 2.890263557434082 0.9987554550170898 0.01007081102579832 0.04884819686412811 0.01398390717804432 -0.009522601962089539 0.9998891949653625 -0.011442478746175766 0.002587759867310524 -0.04895801842212677 0.010963075794279575 0.9987406730651855 0.08764207363128662
 TIME 2.917055606842041 0.9987601041793823 0.007811938412487507 0.04916517809033394 0.013586519286036491 -0.0071900030598044395 0.9998920559883118 -0.012814084999263287 0.002834135666489601 -0.0492599718272686 0.012444699183106422 0.9987084865570068 0.0829044058918953
 TIME 2.944403886795044 0.9988719820976257 0.007049808278679848 0.046958450227975845 0.01308003906160593 -0.0064592729322612286 0.9998983144760132 -0.01271559577435255 0.0027359286323189735 -0.047043319791555405 0.012397934682667255 0.9988158941268921 0.08094692975282669
 TIME 2.9731733798980713 0.9991730451583862 0.00770080229267478 0.03992362692952156 0.012004271149635315 -0.007276411168277264 0.999915599822998 -0.010764515958726406 0.0024622315540909767 -0.040003154426813126 0.010465113446116447 0.9991447329521179 0.0723174586892128
 TIME 3.001901626586914 0.9993510246276855 0.010312698781490326 0.03451285511255264 0.010564937256276608 -0.010078657418489456 0.9999250769615173 -0.006948415189981461 0.002898523584008217 -0.034581925719976425 0.006596062798053026 0.9993801116943359 0.06478995829820633
 TIME 3.027737855911255 0.9994602799415588 0.010303660295903683 0.03119220770895481 0.009776126593351364 -0.010196692310273647 0.9999415874481201 -0.00358645711094141 0.0029263878241181374 -0.031227339059114456 0.0032664642203599215 0.999506950378418 0.060505595058202744
 TIME 3.0546395778656006 0.9996576905250549 0.012470800429582596 0.022999176755547523 0.008404597640037537 -0.0126173235476017 0.9999009370803833 0.0062368023209273815 0.002986123086884618 -0.022919123992323875 -0.006524856202304363 0.9997159838676453 0.053875867277383804
 TIME 3.0815677642822266 0.9997199177742004 0.014336933381855488 0.018826408311724663 0.008081688545644283 -0.014541449025273323 0.9998362064361572 0.010771691799163818 0.0033377446234226227 -0.018668893724679947 -0.011042440310120583 0.9997647404670715 0.051987528800964355
 TIME 3.1126973628997803 0.9997778534889221 0.01720445230603218 0.012175841256976128 0.007563455030322075 -0.01741032861173153 0.9997037053108215 0.01700976863503456 0.0022341422736644745 -0.011879594065248966 -0.0172179713845253 0.9997811913490295 0.0456656813621521
 TIME 3.142789602279663 0.9998337626457214 0.017446117475628853 0.005302172154188156 0.006378355901688337 -0.01754961535334587 0.999643087387085 0.020143913105130196 0.0022203614935278893 -0.004948846995830536 -0.02023361623287201 0.9997830390930176 0.03858168050646782
 TIME 3.1699976921081543 0.9998323917388916 0.01810235157608986 -0.002742599695920944 0.005853542126715183 -0.018035776913166046 0.9995815753936768 0.022615035995841026 0.0019409117521718144 0.0031508374959230423 -0.022561781108379364 0.9997404217720032 0.03183921426534653
 TIME 3.1978037357330322 0.9997947216033936 0.018834374845027924 -0.007472374010831118 0.00602302048355341 -0.01866406761109829 0.9995784163475037 0.02224179543554783 0.0021587959490716457 0.007888133637607098 -0.022097764536738396 0.9997246861457825 0.027758825570344925
 TIME 3.2273454666137695 0.9996759295463562 0.02085220068693161 -0.014603279531002045 0.006214834284037352 -0.020568300038576126 0.9996016025543213 0.01932845264673233 0.0028959510382264853 0.015000502578914165 -0.01902182400226593 0.999706506729126 0.0217607282102108
 TIME 3.2579612731933594 0.9995338916778564 0.02237349934875965 -0.020771106705069542 0.005450090859085321 -0.02204790525138378 0.9996324777603149 0.015774190425872803 0.004492681939154863 0.02111639641225338 -0.015308879315853119 0.9996598362922668 0.013598749414086342
 TIME 3.285299062728882 0.9993956089019775 0.022534038871526718 -0.026470256969332695 0.005382745526731014 -0.02215294912457466 0.9996479153633118 0.01460303459316492 0.005089183337986469 0.02679000236093998 -0.014007814228534698 0.9995429515838623 0.0067248172126710415
 TIME 3.314566135406494 0.9993067979812622 0.023182818666100502 -0.029128454625606537 0.00479298597201705 -0.022777285426855087 0.9996400475502014 0.01417778991162777 0.005213418509811163 0.02944665029644966 -0.013504494912922382 0.9994751214981079 0.0030791747849434614
 TIME 3.3456153869628906 0.999115526676178 0.023951902985572815 -0.03456113860011101 0.004993639886379242 -0.02356475219130516 0.9996554255485535 0.011566124856472015 0.005703963339328766 0.034826260060071945 -0.010741470381617546 0.9993356466293335 -0.0021915200632065535
 TIME 3.3748762607574463 0.998947024345398 0.022959547117352486 -0.039720483124256134 0.005728496238589287 -0.022732682526111603 0.9997226595878601 0.006153853610157967 0.006375444121658802 0.03985075652599335 -0.00524442084133625 0.9991918802261353 -0.007121365517377853
 TIME 3.403440237045288 0.9987937808036804 0.02376396954059601 -0.042968373745679855 0.0066351150162518024 -0.023781320080161095 0.9997171759605408 0.0001074099782272242 0.007171733770519495 0.04295877367258072 0.0009145641815848649 0.9990764260292053 -0.009538124315440655
 TIME 3.4330780506134033 0.9988345503807068 0.022315915673971176 -0.042796194553375244 0.006327458191663027 -0.022528931498527527 0.9997360706329346 -0.004501578863710165 0.006248380057513714 0.042684443295001984 0.005460485350340605 0.9990736842155457 -0.012246460653841496
 TIME 3.4610626697540283 0.9990119934082031 0.019625183194875717 -0.039870746433734894 0.006160053890198469 -0.020250024273991585 0.9996773600578308 -0.015328703448176384 0.00628428952768445 0.03955705463886261 0.016120944172143936 0.9990872144699097 -0.017300143837928772
 TIME 3.4899256229400635 0.9991399645805359 0.016981340944767 -0.03782636299729347 0.005880571436136961 -0.017761750146746635 0.999634325504303 -0.02039179764688015 0.006664589513093233 0.037466246634721756 0.021046120673418045 0.999076247215271 -0.019710112363100052
 TIME 3.5189809799194336 0.9991285800933838 0.01863224431872368 -0.03734847903251648 0.005752746947109699 -0.019424062222242355 0.9995917677879333 -0.0209512896835804 0.006797795183956623 0.03694286197423935 0.02165849134325981 0.999082624912262 -0.020171551033854485
 TIME 3.554425001144409 0.9991846084594727 0.019476724788546562 -0.03536710888147354 0.005574687849730253 -0.020190328359603882 0.999597430229187 -0.019933218136429787 0.005643000826239586 0.03496463969349861 0.020631039515137672 0.9991755485534668 -0.02052123285830021
 TIME 3.584165096282959 0.999257504940033 0.018972108140587807 -0.03353212773799896 0.004808388184756041 -0.019613226875662804 0.9996291399002075 -0.018895136192440987 0.0053427028469741344 0.0331612154841423 0.01953877881169319 0.9992590546607971 -0.019517427310347557
 TIME 3.612945318222046 0.9993008971214294 0.019783813506364822 -0.03172226995229721 0.0038403039798140526 -0.020344357937574387 0.9996408224105835 -0.017446104437112808 0.003171430667862296 0.03136572986841202 0.018079282715916634 0.9993444681167603 -0.019283195957541466
 TIME 3.6406009197235107 0.9992601871490479 0.022775642573833466 -0.030989594757556915 0.004849153570830822 -0.023505279794335365 0.9994500875473022 -0.023387448862195015 0.0022766501642763615 0.030439885333180428 0.024098563939332962 0.9992460608482361 -0.014278827235102654
 TIME 3.6684045791625977 0.9992344379425049 0.024447759613394737 -0.030542336404323578 0.004905072506517172 -0.025369059294462204 0.9992234110832214 -0.03015039674937725 0.0010777206625789404 0.029781503602862358 0.030902143567800522 0.999078631401062 -0.013141981326043606
 TIME 3.696850538253784 0.998972475528717 0.03276082128286362 -0.03131837025284767 0.003073148662224412 -0.03443515673279762 0.9979193806648254 -0.054508108645677567 0.0026430017314851284 0.02946748025715351 0.05553055182099342 0.9980220198631287 -0.013481452129781246
 TIME 3.7228479385375977 0.9980764389038086 0.04914162680506706 -0.03779632970690727 0.002903388114646077 -0.052189264446496964 0.995064914226532 -0.08439376205205917 0.00013335433322936296 0.033462557941675186 0.08620399236679077 0.9957153797149658 -0.0035878715571016073
 TIME 3.754248857498169 0.9971544146537781 0.06287254393100739 -0.041597358882427216 0.0019628372974693775 -0.06690099090337753 0.9923411011695862 -0.10384302586317062 0.0008704430656507611 0.034749891608953476 0.10633042454719543 0.993723452091217 -0.003741309279575944
 TIME 3.7789244651794434 0.9958727955818176 0.0771704614162445 -0.04777241870760918 0.0008045838912948966 -0.0835014283657074 0.9852958917617798 -0.14906182885169983 0.0003144057118333876 0.03556680306792259 0.15243567526340485 0.9876732230186462 -0.0029301627073436975
 TIME 3.804727077484131 0.9951394200325012 0.08606278151273727 -0.04786194488406181 4.5526830945163965e-05 -0.09395454078912735 0.9753477573394775 -0.19967278838157654 -3.621011273935437e-05 0.029497653245925903 0.20319907367229462 0.9786929488182068 -0.0037611122243106365
 TIME 3.829406976699829 0.9953559041023254 0.08409193158149719 -0.04685213416814804 0.001640997244976461 -0.09243673831224442 0.9708036184310913 -0.22134973108768463 -0.004650332499295473 0.026870496571063995 0.22465260326862335 0.9740683436393738 0.008392422460019588
 TIME 3.856076717376709 0.9949271082878113 0.08638476580381393 -0.05155389755964279 -0.0011518832761794329 -0.09683321416378021 0.9612693786621094 -0.2580394446849823 -0.009968303143978119 0.02726650983095169 0.26172250509262085 0.9647578597068787 0.0019317679107189178
 TIME 3.8807497024536133 0.9942376017570496 0.09110244363546371 -0.056497059762477875 -0.0021223563235253096 -0.10335098952054977 0.9545561075210571 -0.27953746914863586 -0.007817785255610943 0.02846306562423706 0.28376567363739014 0.9584710597991943 -0.0025373236276209354
 TIME 3.906181573867798 0.9932018518447876 0.09536860883235931 -0.06674493849277496 0.0006238033529371023 -0.11187949031591415 0.9404017925262451 -0.3211345672607422 -0.009204781614243984 0.03214089944958687 0.3264188766479492 0.9446786046028137 0.0035078192595392466
 TIME 3.929044485092163 0.9923274517059326 0.0999191552400589 -0.07281748950481415 -0.0012687104754149914 -0.11879052221775055 0.9338129758834839 -0.33746403455734253 -0.010534277185797691 0.03427879884839058 0.3435248136520386 0.9385178089141846 -1.2897653505206108e-05
 TIME 3.956733465194702 0.9902056455612183 0.1071372702717781 -0.08952358365058899 -0.0008475290960632265 -0.1331053227186203 0.9179487228393555 -0.3737015724182129 -0.005459306295961142 0.04214070364832878 0.381957471370697 0.9232186079025269 -0.002530388068407774
 TIME 3.983259439468384 0.9894857406616211 0.11050114780664444 -0.09331318736076355 -0.0035210379865020514 -0.1386786699295044 0.9080592393875122 -0.3952171504497528 -0.0029495081398636103 0.04106195271015167 0.4040023386478424 0.913835883140564 -0.004526383243501186
 TIME 4.010174036026001 0.9906055331230164 0.10117633640766144 -0.09200149774551392 -0.015637684613466263 -0.13092288374900818 0.8959860801696777 -0.42434436082839966 -0.007839184254407883 0.0394984595477581 0.43240299820899963 0.900814950466156 -0.018572403118014336
 TIME 4.037932395935059 0.9912919998168945 0.0956740602850914 -0.09048008173704147 -0.017244217917323112 -0.12573784589767456 0.8918270468711853 -0.43455085158348083 -0.006970417685806751 0.03911733999848366 0.44214358925819397 0.8960909247398376 -0.025395777076482773
 TIME 4.066696643829346 0.9928345680236816 0.08361396938562393 -0.0853719413280487 -0.018163081258535385 -0.11341631412506104 0.884350061416626 -0.45283734798431396 -0.005350698716938496 0.03763514757156372 0.45927512645721436 0.8874965310096741 -0.028757182881236076
 TIME 4.092667102813721 0.994131326675415 0.07214780151844025 -0.08060850948095322 -0.015884850174188614 -0.10155024379491806 0.8792218565940857 -0.46546369791030884 -0.01159233134239912 0.03729058802127838 0.47091785073280334 0.8813886046409607 -0.02105136401951313
 TIME 4.119849443435669 0.9940818548202515 0.0714641883969307 -0.08181700110435486 -0.014391375705599785 -0.1016995757818222 0.876975417137146 -0.4696502685546875 -0.009600279852747917 0.03818831965327263 0.4751916229724884 0.8790532946586609 -0.01849374547600746
 TIME 4.145915508270264 0.9939385056495667 0.06978712230920792 -0.08494668453931808 -0.012672892771661282 -0.10174228996038437 0.8766422271728516 -0.47026243805885315 -0.05087666213512421 0.04164959117770195 0.47605466842651367 0.8784288763999939 -0.03671902045607567
 TIME 4.1728644371032715 0.9938355684280396 0.07024747133255005 -0.08576790243387222 -0.012918716296553612 -0.10270364582538605 0.8746950626373291 -0.4736669659614563 -0.051755137741565704 0.041746869683265686 0.47955578565597534 0.8765177726745605 -0.0395367406308651
 TIME 4.199672698974609 0.9940499067306519 0.07093668729066849 -0.08266153186559677 -0.013687502592802048 -0.10208578407764435 0.871396005153656 -0.479841023683548 -0.05000698193907738 0.03799259662628174 0.4854244887828827 0.8734526634216309 -0.04489729553461075
 TIME 4.225265026092529 0.99459308385849 0.06739635020494461 -0.07900884002447128 -0.014051523990929127 -0.0973879024386406 0.8694835901260376 -0.4842662215232849 -0.04784621670842171 0.03605911508202553 0.4893423914909363 0.8713459372520447 -0.0452691987156868
 TIME 4.251396179199219 0.9947825074195862 0.06653852015733719 -0.07733265310525894 -0.014743412844836712 -0.09584902971982956 0.8691859245300293 -0.4851069152355194 -0.05161716789007187 0.03493816778063774 0.48998814821243286 0.87102872133255 -0.044021058827638626
 TIME 4.279379606246948 0.9949709177017212 0.06353023648262024 -0.07743945717811584 -0.012746031396090984 -0.0935208722949028 0.8660891056060791 -0.49106356501579285 -0.05398882180452347 0.03587207943201065 0.49583613872528076 0.8676749467849731 -0.03903907909989357
