 TIME 7.867813110351562e-05 1.0 0.0 0.0 0.0 0.0 1.0 0.0 0.0 0.0 0.0 1.0 0.0
 TIME 0.04396843910217285 1.0 0.00010944065434159711 8.753310976317152e-05 -6.951509567443281e-05 -0.0001094422914320603 1.0 1.867894025053829e-05 9.751287143444642e-05 -8.753106521908194e-05 -1.8688520867726766e-05 1.0 0.0001983640540856868
 TIME 0.08602428436279297 1.0 0.00019018854072783142 0.00013676268281415105 -4.213317151879892e-05 -0.0001901867799460888 1.0 -1.2848948244936764e-05 9.420490823686123e-05 -0.00013676512753590941 1.2822936696466058e-05 1.0 0.0002008228184422478
 TIME 0.12012434005737305 0.9999999403953552 -0.00029115055804140866 -4.7470231947954744e-05 5.131689613335766e-05 0.0002911528281401843 0.9999999403953552 4.7757363063283265e-05 -7.410680700559169e-05 4.745632395497523e-05 -4.7771183744771406e-05 1.0 -0.0004509163845796138
 TIME 0.15639543533325195 0.9999997615814209 0.000448857550509274 -0.00048432062612846494 3.785620356211439e-05 -0.00044884372618980706 0.9999998807907104 2.8625112463487312e-05 8.057072409428656e-05 0.0004843334318138659 -2.840772140189074e-05 0.9999998807907104 8.583143790019676e-05
 TIME 0.19163918495178223 0.9999998807907104 0.0003046421625185758 -0.00043267544242553413 -4.035315669170814e-06 -0.0003046182100661099 0.9999999403953552 5.5443473684135824e-05 2.9215781978564337e-05 0.0004326922935433686 -5.5311666073976085e-05 0.9999998807907104 -1.99654223251855e-05
 TIME 0.22435235977172852 0.9999998211860657 2.5538847694406286e-05 -0.0005653899279423058 1.1862435712828301e-05 -2.551237957959529e-05 1.0 4.68194302811753e-05 4.930350314680254e-06 0.000565391150303185 -4.680499841924757e-05 0.9999998211860657 -0.00027405418222770095
 TIME 0.2565279006958008 0.9999999403953552 0.00016842916375026107 -0.0003342469863127917 3.094545900239609e-05 -0.0001683717709966004 1.0 0.00017172702064272016 -0.00018156417354475707 0.00033427588641643524 -0.00017167073383461684 0.9999999403953552 -0.00047183147398754954
 TIME 0.28826332092285156 0.9999998807907104 0.00035607608151622117 -0.00031950377160683274 -0.00011214391997782513 -0.0003559957258403301 0.9999998807907104 0.0002515330270398408 -3.1948653486324474e-05 0.0003195933240931481 -0.00025141926016658545 0.9999999403953552 -4.438237738213502e-05
 TIME 0.32074522972106934 0.9999997615814209 0.0005420526722446084 -0.0003814436786342412 -7.791198731865734e-05 -0.0005419757799245417 0.9999998211860657 0.0002017801598412916 -0.0001025726887746714 0.00038155296351760626 -0.00020157339167781174 0.9999998807907104 -0.00038482254603877664
 TIME 0.3521919250488281 0.9999998807907104 0.00010505558748263866 -0.0005188321229070425 4.057983460370451e-05 -0.00010496249160496518 1.0 0.00017946207663044333 -5.253034032648429e-05 0.0005188509239815176 -0.00017940759425982833 0.9999998211860657 -0.00011071992776123807
 TIME 0.38663172721862793 0.9999997615814209 7.318620919249952e-05 -0.0006669407594017684 0.00014187810302246362 -7.300871948245913e-05 0.9999999403953552 0.00026614280068315566 -0.00025855485000647604 0.0006669602007605135 -0.0002660940517671406 0.9999997615814209 -0.000700657139532268
 TIME 0.4179964065551758 0.9999998211860657 0.00029975027428008616 -0.0005527563043870032 1.346670433122199e-05 -0.00029960848041810095 0.9999999403953552 0.00025657613878138363 -3.227574416087009e-05 0.0005528331967070699 -0.0002564104797784239 0.9999998211860657 -0.0004380171303637326
 TIME 0.4475371837615967 0.9999999403953552 0.0001303440221818164 -0.00036731050931848586 -6.667507841484621e-05 -0.0001301902811974287 0.9999998807907104 0.0004185621510259807 -6.413324445020407e-05 0.0003673650207929313 -0.00041851430432870984 0.9999998211860657 -0.0001825564104365185
 TIME 0.47919344902038574 0.9999998211860657 0.00044259228161536157 -0.00039270397974178195 4.048632399644703e-05 -0.0004424355865921825 0.9999998211860657 0.00039904331788420677 -0.00017728433886077255 0.0003928805235773325 -0.00039886950980871916 0.9999998211860657 -0.0005014364724047482
 TIME 0.5110435485839844 0.9999998211860657 0.0004959327634423971 -0.0003613650915212929 -2.3260334273800254e-05 -0.0004958165809512138 0.9999998211860657 0.0003214575699530542 -6.865002069389448e-05 0.00036152443499304354 -0.0003212783485651016 0.9999998807907104 -0.0003554400464054197
 TIME 0.5424618721008301 0.9999998211860657 0.000509160163346678 -0.000293006538413465 -0.00016166713612619787 -0.0005090311751700938 0.9999997615814209 0.00044027643161825836 -8.717396849533543e-05 0.00029323063790798187 -0.0004401271871756762 0.9999998807907104 -0.0002350228896830231
 TIME 0.5729765892028809 0.9999997615814209 0.000363425409886986 -0.0005898282397538424 -0.00029756504227407277 -0.0003633482847362757 0.9999999403953552 0.00013087262050248682 -9.614280133973807e-05 0.0005898757372051477 -0.00013065827079117298 0.9999998211860657 -0.00047004595398902893
 TIME 0.6038117408752441 0.9999973177909851 -0.0006032479577697814 -0.0022353169042617083 -0.00024037747061811388 0.0006038116407580674 0.9999997615814209 0.0002514896623324603 -0.0001349119411315769 0.0022351646330207586 -0.00025283871218562126 0.9999974966049194 -0.00024039049458224326
 TIME 0.633206844329834 0.9999884963035583 -0.0003771018236875534 -0.004786188714206219 -0.00014662845933344215 0.0003773870412260294 0.9999999403953552 5.868693915545009e-05 -0.00025772195658646524 0.004786166362464428 -6.0492508055176586e-05 0.9999885559082031 -0.0005199143197387457
 TIME 0.6641058921813965 0.9999556541442871 -0.0023575809318572283 -0.009116300381720066 -0.0002537359541747719 0.002335307653993368 0.9999942779541016 -0.0024531318340450525 -0.001856866991147399 0.009122030809521675 0.0024317335337400436 0.999955415725708 -0.0003828659828286618
 TIME 0.6943333148956299 0.9997332096099854 0.004918036051094532 -0.022568173706531525 0.003042914904654026 -0.005665020551532507 0.9994341731071472 -0.033155351877212524 -0.0011264811037108302 0.02239234186708927 0.03327435627579689 0.9991953372955322 0.0118496622890234
 TIME 0.7208871841430664 0.999699592590332 0.004539350513368845 -0.02408493123948574 0.0032568133901804686 -0.0060139000415802 0.9980884790420532 -0.061508167535066605 -0.00333145703189075 0.023759687319397926 0.06163453310728073 0.9978159070014954 0.013828940689563751
 TIME 0.7460222244262695 0.9999226927757263 0.012334796600043774 -0.0015795434592291713 -0.019342122599482536 -0.012435408309102058 0.991275429725647 -0.13121864199638367 0.029845749959349632 -5.2792638598475605e-05 0.13122813403606415 0.9913522005081177 -0.02895292267203331
 TIME 0.7679331302642822 0.9998155236244202 0.0027021754067391157 0.019015302881598473 -0.027505358681082726 0.0004342219326645136 0.9866200685501099 -0.1630352884531021 0.03202719986438751 -0.019201429560780525 0.16301347315311432 0.9864369630813599 -0.039130520075559616
 TIME 0.7899596691131592 0.9989045858383179 -0.0143825588747859 0.044528089463710785 -0.04755806177854538 0.022564159706234932 0.9816992878913879 -0.18909625709056854 0.035878654569387436 -0.04099350422620773 0.18989385664463043 0.9809484481811523 -0.07299304008483887
 TIME 0.8120105266571045 0.995658278465271 -0.0372064933180809 0.08532415330410004 -0.047131847590208054 0.056723568588495255 0.9693021178245544 -0.23924002051353455 0.03616727516055107 -0.0738036185503006 0.24304120242595673 0.967204213142395 -0.07352546602487564
 TIME 0.8363919258117676 0.9929606914520264 -0.041640326380729675 0.1108836755156517 -0.050889648497104645 0.07019980996847153 0.9609187245368958 -0.2677823305130005 0.04234026372432709 -0.0953996479511261 0.27368131279945374 0.9570775032043457 -0.0803341269493103
 TIME 0.8602678775787354 0.9891466498374939 -0.05459405481815338 0.13641272485256195 -0.05099721625447273 0.09321144968271255 0.9508297443389893 -0.2953546941280365 0.04326328635215759 -0.11358068138360977 0.3048643469810486 0.945598840713501 -0.08094862848520279
 TIME 0.8825595378875732 0.9811742305755615 -0.07025191932916641 0.17989382147789001 -0.0425686240196228 0.1311524212360382 0.9261350631713867 -0.35365644097328186 0.03270136937499046 -0.1417609453201294 0.3705921173095703 0.9179134964942932 -0.04904840886592865
 TIME 0.9046127796173096 0.9775115847587585 -0.07676339894533157 0.19641411304473877 -0.03998931124806404 0.14847181737422943 0.9119477272033691 -0.3825017213821411 0.03196495771408081 -0.1497572511434555 0.4030618369579315 0.9028365612030029 -0.04242010414600372
 TIME 0.9258637428283691 0.9736140370368958 -0.07527267932891846 0.2154291421175003 -0.04117792099714279 0.1607062667608261 0.8963986039161682 -0.41308972239494324 0.03955569863319397 -0.16201604902744293 0.436810702085495 0.8848431706428528 -0.045883823186159134
 TIME 0.9470176696777344 0.96346515417099 -0.08108281344175339 0.2552652359008789 -0.05252373218536377 0.19579212367534637 0.863555371761322 -0.46469083428382874 0.04632183164358139 -0.18275722861289978 0.49769243597984314 0.847881019115448 -0.06689377874135971
 TIME 0.9674441814422607 0.9582486748695374 -0.07831871509552002 0.2750009596347809 -0.05464056506752968 0.2079409807920456 0.8510187864303589 -0.48221099376678467 0.046733155846595764 -0.1962648630142212 0.5192619562149048 0.8317735195159912 -0.1014191135764122
 TIME 0.9867653846740723 0.9527941346168518 -0.0662793442606926 0.29629436135292053 -0.05483630299568176 0.214199498295784 0.8383628129959106 -0.5012646913528442 0.03925769776105881 -0.21517863869667053 0.5410682559013367 0.8129841089248657 -0.09076576679944992
 TIME 1.0064051151275635 0.9471201300621033 -0.06289754062891006 0.31465405225753784 -0.05819972604513168 0.2256505936384201 0.8277280926704407 -0.513758659362793 0.04472330957651138 -0.22813381254673004 0.5575931072235107 0.7981509566307068 -0.12677444517612457
 TIME 1.024764060974121 0.9417272806167603 -0.05634279176592827 0.3316252827644348 -0.05823590233922005 0.2339438647031784 0.8180975914001465 -0.5253441333770752 0.04737299680709839 -0.24170246720314026 0.572312593460083 0.7836058139801025 -0.14369560778141022
 TIME 1.0436716079711914 0.9376566410064697 -0.050032880157232285 0.34394294023513794 -0.042517874389886856 0.2372300773859024 0.8153545260429382 -0.5281278491020203 0.008652620017528534 -0.25401169061660767 0.5767960548400879 0.7763918042182922 -0.13345803320407867
 TIME 1.0623588562011719 0.9330501556396484 -0.04726953059434891 0.3566271960735321 -0.03661039471626282 0.2474440038204193 0.8039069175720215 -0.5408374071121216 0.011671043932437897 -0.2611299753189087 0.5928736329078674 0.7617820501327515 -0.1229044646024704
 TIME 1.0814378261566162 0.9360369443893433 -0.022096019238233566 0.3512076735496521 0.008976627141237259 0.221395343542099 0.8127360939979553 -0.538928747177124 -0.018632151186466217 -0.2735309898853302 0.5822128653526306 0.7656428813934326 -0.19336330890655518
 TIME 1.1045212745666504 0.9354400634765625 -0.019520781934261322 0.352946013212204 0.0018713586032390594 0.21982301771640778 0.8140481114387512 -0.5375903844833374 -0.00865095853805542 -0.2768208682537079 0.5804692506790161 0.7657844424247742 -0.2349974513053894
 TIME 1.126657485961914 0.9356631636619568 -0.02292373590171337 0.3521488606929779 0.0046278685331344604 0.2220362275838852 0.8138546347618103 -0.5369735360145569 -0.008633509278297424 -0.27428844571113586 0.5806161761283875 0.7665838599205017 -0.2046538144350052
 TIME 1.1491291522979736 0.9373234510421753 -0.03491949662566185 0.3467063307762146 -0.03665025532245636 0.22520050406455994 0.8199695348739624 -0.5262459516525269 0.039619214832782745 -0.26591238379478455 0.5713411569595337 0.7764405012130737 -0.21234574913978577
 TIME 1.167740821838379 0.9377585649490356 -0.04267897084355354 0.344655841588974 -0.08164771646261215 0.22938109934329987 0.8212590217590332 -0.5224155187606812 0.08483819663524628 -0.26075559854507446 0.5689570903778076 0.7799323201179504 -0.21570132672786713
 TIME 1.187981367111206 0.9422275424003601 -0.05397604778409004 0.3305964469909668 -0.10074012726545334 0.22518599033355713 0.8327152729034424 -0.5058424472808838 0.08549337834119797 -0.24798932671546936 0.5510644316673279 0.7967618703842163 -0.21962788701057434
 TIME 1.2071425914764404 0.9488817453384399 -0.06375961005687714 0.3091248571872711 -0.09916694462299347 0.21699833869934082 0.8429902195930481 -0.4922187626361847 0.08790314942598343 -0.22920556366443634 0.534136950969696 0.8137337565422058 -0.21394450962543488
 TIME 1.2278554439544678 0.9565575122833252 -0.06803226470947266 0.2834948003292084 -0.08729767054319382 0.20116207003593445 0.8578519821166992 -0.47288861870765686 0.07843124866485596 -0.2110249400138855 0.5093734860420227 0.8342703580856323 -0.2296438068151474
 TIME 1.2482378482818604 0.9608375430107117 -0.0823279470205307 0.26459988951683044 -0.09421681612730026 0.20058786869049072 0.8654324412345886 -0.4591200649738312 0.08130666613578796 -0.19119489192962646 0.49421530961990356 0.8480539917945862 -0.23609726130962372
 TIME 1.2683501243591309 0.9708117246627808 -0.08995682001113892 0.22233366966247559 -0.0844995528459549 0.1808198243379593 0.8835294842720032 -0.4320644438266754 0.05589798465371132 -0.15757125616073608 0.4596555233001709 0.8740068078041077 -0.23466931283473969
 TIME 1.2906150817871094 0.9785110950469971 -0.06865905970335007 0.19442687928676605 -0.02925526537001133 0.14602522552013397 0.8964765667915344 -0.41833746433258057 0.017366573214530945 -0.14557649195194244 0.4377391040325165 0.8872383832931519 -0.20610009133815765
 TIME 1.3114874362945557 0.9810044169425964 -0.053969595581293106 0.1863267570734024 -0.029245726764202118 0.1275082677602768 0.9032670259475708 -0.4096953570842743 0.013090476393699646 -0.14619173109531403 0.4256711006164551 0.8929904699325562 -0.19726741313934326
 TIME 1.3338263034820557 0.9817658066749573 -0.04616466537117958 0.18440327048301697 -0.022655807435512543 0.11758601665496826 0.9096905589103699 -0.3982922434806824 0.012847207486629486 -0.14936287701129913 0.4127129912376404 0.898531436920166 -0.1686474233865738
 TIME 1.35646390914917 0.9813277721405029 -0.045974250882864 0.18676769733428955 -0.026681678369641304 0.11716913431882858 0.9129402041435242 -0.39091119170188904 0.014275696128606796 -0.15253590047359467 0.40549540519714355 0.9012803435325623 -0.16765862703323364
 TIME 1.384861946105957 0.9821282625198364 -0.04126496613025665 0.18363365530967712 -0.02909591980278492 0.10660729557275772 0.926032304763794 -0.362076073884964 0.02008889988064766 -0.15510962903499603 0.3751818537712097 0.9138816595077515 -0.15781475603580475
 TIME 1.407881259918213 0.9838606715202332 -0.030106808990240097 0.17638584971427917 -0.021991563960909843 0.08897232264280319 0.9375613927841187 -0.33624792098999023 0.018817517906427383 -0.1552492082118988 0.3465145528316498 0.9251083135604858 -0.09584974497556686
 TIME 1.4304790496826172 0.9861007928848267 -0.020560475066304207 0.1648716926574707 -0.01865612156689167 0.07098028063774109 0.949334442615509 -0.3061467409133911 0.027195259928703308 -0.15022386610507965 0.31359413266181946 0.9375987648963928 -0.0673322081565857
 TIME 1.4531466960906982 0.9910427331924438 -0.005330371670424938 0.13343848288059235 -0.030009306967258453 0.0373011976480484 0.9704829454421997 -0.2382674515247345 0.0380730926990509 -0.12822972238063812 0.2411106377840042 0.9619889855384827 -0.05575383082032204
 TIME 1.4761958122253418 0.9936313629150391 0.004300236701965332 0.1125975102186203 -0.034090638160705566 0.018490862101316452 0.9795020818710327 -0.20058341324329376 0.04542788490653038 -0.11115206778049469 0.20138798654079437 0.9731844663619995 -0.06133396923542023
 TIME 1.498751163482666 0.9960519671440125 0.008933184668421745 0.08832137286663055 -0.036120690405368805 0.0051728421822190285 0.9873924851417542 -0.15820613503456116 0.04454754292964935 -0.08862114697694778 0.1580384075641632 0.9834481477737427 -0.05975508689880371
 TIME 1.5231263637542725 0.999548077583313 0.0075941430404782295 0.029089484363794327 -0.047390829771757126 -0.005414855666458607 0.9972230195999146 -0.07427593320608139 0.04729161784052849 -0.029572760686278343 0.07408484071493149 0.9968134164810181 -0.07405364513397217
 TIME 1.5483641624450684 0.9999759197235107 0.0038895613979548216 -0.005749648902565241 -0.04253352805972099 -0.004070716444402933 0.999484658241272 -0.03183870390057564 0.029993778094649315 0.005622847471386194 0.03186133876442909 0.9994764924049377 -0.05578560754656792
 TIME 1.5744390487670898 0.9978963136672974 -0.007815174758434296 -0.06435900181531906 -0.03474201634526253 0.010220610536634922 0.9992581009864807 0.03713125362992287 0.027342265471816063 0.06402108073234558 -0.03771091625094414 0.9972357749938965 -0.050718508660793304
 TIME 1.6016621589660645 0.9942750930786133 -0.01909971795976162 -0.10512973368167877 -0.0250167828053236 0.029713384807109833 0.9945096373558044 0.1003371924161911 0.014177020639181137 0.10263612866401672 -0.10288653522729874 0.9893837571144104 -0.06205049902200699
 TIME 1.631199598312378 0.9935005903244019 -0.01660354807972908 -0.11260946840047836 -0.024090968072414398 0.03022071346640587 0.9922752380371094 0.12031856179237366 0.01115686260163784 0.10974188148975372 -0.12293969839811325 0.9863278269767761 -0.06351693719625473
 TIME 1.662264108657837 0.9925326108932495 -0.016011184081435204 -0.12092405557632446 -0.02363915555179119 0.03368373587727547 0.9887769818305969 0.14555178582668304 0.009412226267158985 0.11723647266626358 -0.14853805303573608 0.9819328188896179 -0.06135760247707367
 TIME 1.692831039428711 0.9919813275337219 -0.015492182224988937 -0.12543167173862457 -0.022824211046099663 0.03578869625926018 0.9862691760063171 0.16122126579284668 0.009602845646440983 0.12121172249317169 -0.16441752016544342 0.9789150357246399 -0.05877167731523514
 TIME 1.7239363193511963 0.9922568202018738 -0.00819115899503231 -0.12393265962600708 -0.024119416251778603 0.02920895628631115 0.9852273464202881 0.1687418669462204 0.008820696733891964 0.12071967869997025 -0.17105521261692047 0.9778378009796143 -0.06076475977897644
 TIME 1.7516865730285645 0.9919350147247314 -0.009996798820793629 -0.12635216116905212 -0.024159684777259827 0.03164215385913849 0.9848515391349792 0.17048859596252441 0.009594152681529522 0.12273377180099487 -0.1731116622686386 0.9772250652313232 -0.06014608219265938
 TIME 1.780738353729248 0.9912387132644653 -0.0069900574162602425 -0.1318972110748291 -0.024496130645275116 0.030236870050430298 0.9840889573097229 0.1750842183828354 0.010200245305895805 0.12857474386692047 -0.17753839492797852 0.9756786227226257 -0.060418326407670975
 TIME 1.8108634948730469 0.9900727272033691 -0.008708618581295013 -0.140285924077034 -0.024898258969187737 0.034587446600198746 0.982483446598053 0.18311186134815216 0.011493091471493244 0.13623392581939697 -0.18614618480205536 0.9730313420295715 -0.05887822061777115
 TIME 1.8403956890106201 0.9893026947975159 -0.002842207904905081 -0.14584881067276 -0.025002440437674522 0.03139001876115799 0.9805362224578857 0.19381262362003326 0.01109265349805355 0.1424591988325119 -0.19631758332252502 0.9701364040374756 -0.05864165723323822
 TIME 1.8697729110717773 0.9896500110626221 -0.00201013358309865 -0.14348763227462769 -0.023993372917175293 0.030469609424471855 0.9800456762313843 0.19642274081707 0.010221297852694988 0.14022961258888245 -0.19876176118850708 0.9699636101722717 -0.05773589760065079
 TIME 1.8986694812774658 0.9939572811126709 0.004975520074367523 -0.10965419560670853 -0.02115543931722641 0.014729931019246578 0.9838907718658447 0.17816276848316193 0.004822799935936928 0.10877418518066406 -0.17870138585567474 0.9778721928596497 -0.05744011327624321
 TIME 1.9248101711273193 0.9998276829719543 0.018157143145799637 -0.0038825571537017822 -0.02822328917682171 -0.017680786550045013 0.9948781728744507 0.09952361136674881 0.0019545285031199455 0.005669742822647095 -0.09943781793117523 0.9950276017189026 -0.060007452964782715
 TIME 1.9248101711273193 0.9998276829719543 0.018157143145799637 -0.0038825571537017822 -0.02822328917682171 -0.017680786550045013 0.9948781728744507 0.09952361136674881 0.0019545285031199455 0.005669742822647095 -0.09943781793117523 0.9950276017189026 -0.060007452964782715
 TIME 1.9248101711273193 0.9998276829719543 0.018157143145799637 -0.0038825571537017822 -0.02822328917682171 -0.017680786550045013 0.9948781728744507 0.09952361136674881 0.0019545285031199455 0.005669742822647095 -0.09943781793117523 0.9950276017189026 -0.060007452964782715
 TIME 1.9248101711273193 0.9998276829719543 0.018157143145799637 -0.0038825571537017822 -0.02822328917682171 -0.017680786550045013 0.9948781728744507 0.09952361136674881 0.0019545285031199455 0.005669742822647095 -0.09943781793117523 0.9950276017189026 -0.060007452964782715
 TIME 1.9248101711273193 0.9998276829719543 0.018157143145799637 -0.0038825571537017822 -0.02822328917682171 -0.017680786550045013 0.9948781728744507 0.09952361136674881 0.0019545285031199455 0.005669742822647095 -0.09943781793117523 0.9950276017189026 -0.060007452964782715
 TIME 1.9248101711273193 0.9998276829719543 0.018157143145799637 -0.0038825571537017822 -0.02822328917682171 -0.017680786550045013 0.9948781728744507 0.09952361136674881 0.0019545285031199455 0.005669742822647095 -0.09943781793117523 0.9950276017189026 -0.060007452964782715
 TIME 1.9248101711273193 0.9998276829719543 0.018157143145799637 -0.0038825571537017822 -0.02822328917682171 -0.017680786550045013 0.9948781728744507 0.09952361136674881 0.0019545285031199455 0.005669742822647095 -0.09943781793117523 0.9950276017189026 -0.060007452964782715
 TIME 1.9248101711273193 0.9998276829719543 0.018157143145799637 -0.0038825571537017822 -0.02822328917682171 -0.017680786550045013 0.9948781728744507 0.09952361136674881 0.0019545285031199455 0.005669742822647095 -0.09943781793117523 0.9950276017189026 -0.060007452964782715
 TIME 1.9248101711273193 0.9998276829719543 0.018157143145799637 -0.0038825571537017822 -0.02822328917682171 -0.017680786550045013 0.9948781728744507 0.09952361136674881 0.0019545285031199455 0.005669742822647095 -0.09943781793117523 0.9950276017189026 -0.060007452964782715
 TIME 1.9248101711273193 0.9998276829719543 0.018157143145799637 -0.0038825571537017822 -0.02822328917682171 -0.017680786550045013 0.9948781728744507 0.09952361136674881 0.0019545285031199455 0.005669742822647095 -0.09943781793117523 0.9950276017189026 -0.060007452964782715
 TIME 1.9248101711273193 0.9998276829719543 0.018157143145799637 -0.0038825571537017822 -0.02822328917682171 -0.017680786550045013 0.9948781728744507 0.09952361136674881 0.0019545285031199455 0.005669742822647095 -0.09943781793117523 0.9950276017189026 -0.060007452964782715
 TIME 1.9248101711273193 0.9998276829719543 0.018157143145799637 -0.0038825571537017822 -0.02822328917682171 -0.017680786550045013 0.9948781728744507 0.09952361136674881 0.0019545285031199455 0.005669742822647095 -0.09943781793117523 0.9950276017189026 -0.060007452964782715
 TIME 1.9248101711273193 0.9998276829719543 0.018157143145799637 -0.0038825571537017822 -0.02822328917682171 -0.017680786550045013 0.9948781728744507 0.09952361136674881 0.0019545285031199455 0.005669742822647095 -0.09943781793117523 0.9950276017189026 -0.060007452964782715
 TIME 1.9248101711273193 0.9998276829719543 0.018157143145799637 -0.0038825571537017822 -0.02822328917682171 -0.017680786550045013 0.9948781728744507 0.09952361136674881 0.0019545285031199455 0.005669742822647095 -0.09943781793117523 0.9950276017189026 -0.060007452964782715
 TIME 1.9248101711273193 0.9998276829719543 0.018157143145799637 -0.0038825571537017822 -0.02822328917682171 -0.017680786550045013 0.9948781728744507 0.09952361136674881 0.0019545285031199455 0.005669742822647095 -0.09943781793117523 0.9950276017189026 -0.060007452964782715
 TIME 1.9248101711273193 0.9998276829719543 0.018157143145799637 -0.0038825571537017822 -0.02822328917682171 -0.017680786550045013 0.9948781728744507 0.09952361136674881 0.0019545285031199455 0.005669742822647095 -0.09943781793117523 0.9950276017189026 -0.060007452964782715
 TIME 1.9248101711273193 0.9998276829719543 0.018157143145799637 -0.0038825571537017822 -0.02822328917682171 -0.017680786550045013 0.9948781728744507 0.09952361136674881 0.0019545285031199455 0.005669742822647095 -0.09943781793117523 0.9950276017189026 -0.060007452964782715
 TIME 1.9248101711273193 0.9998276829719543 0.018157143145799637 -0.0038825571537017822 -0.02822328917682171 -0.017680786550045013 0.9948781728744507 0.09952361136674881 0.0019545285031199455 0.005669742822647095 -0.09943781793117523 0.9950276017189026 -0.060007452964782715
 TIME 1.9248101711273193 0.9998276829719543 0.018157143145799637 -0.0038825571537017822 -0.02822328917682171 -0.017680786550045013 0.9948781728744507 0.09952361136674881 0.0019545285031199455 0.005669742822647095 -0.09943781793117523 0.9950276017189026 -0.060007452964782715
 TIME 1.9248101711273193 0.9998276829719543 0.018157143145799637 -0.0038825571537017822 -0.02822328917682171 -0.017680786550045013 0.9948781728744507 0.09952361136674881 0.0019545285031199455 0.005669742822647095 -0.09943781793117523 0.9950276017189026 -0.060007452964782715
 TIME 1.9248101711273193 0.9998276829719543 0.018157143145799637 -0.0038825571537017822 -0.02822328917682171 -0.017680786550045013 0.9948781728744507 0.09952361136674881 0.0019545285031199455 0.005669742822647095 -0.09943781793117523 0.9950276017189026 -0.060007452964782715
 TIME 1.9248101711273193 0.9998276829719543 0.018157143145799637 -0.0038825571537017822 -0.02822328917682171 -0.017680786550045013 0.9948781728744507 0.09952361136674881 0.0019545285031199455 0.005669742822647095 -0.09943781793117523 0.9950276017189026 -0.060007452964782715
 TIME 1.9248101711273193 0.9998276829719543 0.018157143145799637 -0.0038825571537017822 -0.02822328917682171 -0.017680786550045013 0.9948781728744507 0.09952361136674881 0.0019545285031199455 0.005669742822647095 -0.09943781793117523 0.9950276017189026 -0.060007452964782715
 TIME 1.9248101711273193 0.9998276829719543 0.018157143145799637 -0.0038825571537017822 -0.02822328917682171 -0.017680786550045013 0.9948781728744507 0.09952361136674881 0.0019545285031199455 0.005669742822647095 -0.09943781793117523 0.9950276017189026 -0.060007452964782715
 TIME 1.9248101711273193 0.9998276829719543 0.018157143145799637 -0.0038825571537017822 -0.02822328917682171 -0.017680786550045013 0.9948781728744507 0.09952361136674881 0.0019545285031199455 0.005669742822647095 -0.09943781793117523 0.9950276017189026 -0.060007452964782715
 TIME 1.9248101711273193 0.9998276829719543 0.018157143145799637 -0.0038825571537017822 -0.02822328917682171 -0.017680786550045013 0.9948781728744507 0.09952361136674881 0.0019545285031199455 0.005669742822647095 -0.09943781793117523 0.9950276017189026 -0.060007452964782715
 TIME 1.9248101711273193 0.9998276829719543 0.018157143145799637 -0.0038825571537017822 -0.02822328917682171 -0.017680786550045013 0.9948781728744507 0.09952361136674881 0.0019545285031199455 0.005669742822647095 -0.09943781793117523 0.9950276017189026 -0.060007452964782715
 TIME 1.9248101711273193 0.9998276829719543 0.018157143145799637 -0.0038825571537017822 -0.02822328917682171 -0.017680786550045013 0.9948781728744507 0.09952361136674881 0.0019545285031199455 0.005669742822647095 -0.09943781793117523 0.9950276017189026 -0.060007452964782715
 TIME 1.9248101711273193 0.9998276829719543 0.018157143145799637 -0.0038825571537017822 -0.02822328917682171 -0.017680786550045013 0.9948781728744507 0.09952361136674881 0.0019545285031199455 0.005669742822647095 -0.09943781793117523 0.9950276017189026 -0.060007452964782715
 TIME 1.9248101711273193 0.9998276829719543 0.018157143145799637 -0.0038825571537017822 -0.02822328917682171 -0.017680786550045013 0.9948781728744507 0.09952361136674881 0.0019545285031199455 0.005669742822647095 -0.09943781793117523 0.9950276017189026 -0.060007452964782715
 TIME 1.9248101711273193 0.9998276829719543 0.018157143145799637 -0.0038825571537017822 -0.02822328917682171 -0.017680786550045013 0.9948781728744507 0.09952361136674881 0.0019545285031199455 0.005669742822647095 -0.09943781793117523 0.9950276017189026 -0.060007452964782715
 TIME 1.9248101711273193 0.9998276829719543 0.018157143145799637 -0.0038825571537017822 -0.02822328917682171 -0.017680786550045013 0.9948781728744507 0.09952361136674881 0.0019545285031199455 0.005669742822647095 -0.09943781793117523 0.9950276017189026 -0.060007452964782715
 TIME 1.9248101711273193 0.9998276829719543 0.018157143145799637 -0.0038825571537017822 -0.02822328917682171 -0.017680786550045013 0.9948781728744507 0.09952361136674881 0.0019545285031199455 0.005669742822647095 -0.09943781793117523 0.9950276017189026 -0.060007452964782715
 TIME 1.9248101711273193 0.9998276829719543 0.018157143145799637 -0.0038825571537017822 -0.02822328917682171 -0.017680786550045013 0.9948781728744507 0.09952361136674881 0.0019545285031199455 0.005669742822647095 -0.09943781793117523 0.9950276017189026 -0.060007452964782715
 TIME 1.9248101711273193 0.9998276829719543 0.018157143145799637 -0.0038825571537017822 -0.02822328917682171 -0.017680786550045013 0.9948781728744507 0.09952361136674881 0.0019545285031199455 0.005669742822647095 -0.09943781793117523 0.9950276017189026 -0.060007452964782715
 TIME 1.9248101711273193 0.9998276829719543 0.018157143145799637 -0.0038825571537017822 -0.02822328917682171 -0.017680786550045013 0.9948781728744507 0.09952361136674881 0.0019545285031199455 0.005669742822647095 -0.09943781793117523 0.9950276017189026 -0.060007452964782715
 TIME 1.9248101711273193 0.9998276829719543 0.018157143145799637 -0.0038825571537017822 -0.02822328917682171 -0.017680786550045013 0.9948781728744507 0.09952361136674881 0.0019545285031199455 0.005669742822647095 -0.09943781793117523 0.9950276017189026 -0.060007452964782715
 TIME 1.9248101711273193 0.9998276829719543 0.018157143145799637 -0.0038825571537017822 -0.02822328917682171 -0.017680786550045013 0.9948781728744507 0.09952361136674881 0.0019545285031199455 0.005669742822647095 -0.09943781793117523 0.9950276017189026 -0.060007452964782715
 TIME 1.9248101711273193 0.9998276829719543 0.018157143145799637 -0.0038825571537017822 -0.02822328917682171 -0.017680786550045013 0.9948781728744507 0.09952361136674881 0.0019545285031199455 0.005669742822647095 -0.09943781793117523 0.9950276017189026 -0.060007452964782715
 TIME 1.9248101711273193 0.9998276829719543 0.018157143145799637 -0.0038825571537017822 -0.02822328917682171 -0.017680786550045013 0.9948781728744507 0.09952361136674881 0.0019545285031199455 0.005669742822647095 -0.09943781793117523 0.9950276017189026 -0.060007452964782715
 TIME 1.9248101711273193 0.9998276829719543 0.018157143145799637 -0.0038825571537017822 -0.02822328917682171 -0.017680786550045013 0.9948781728744507 0.09952361136674881 0.0019545285031199455 0.005669742822647095 -0.09943781793117523 0.9950276017189026 -0.060007452964782715
 TIME 1.9248101711273193 0.9998276829719543 0.018157143145799637 -0.0038825571537017822 -0.02822328917682171 -0.017680786550045013 0.9948781728744507 0.09952361136674881 0.0019545285031199455 0.005669742822647095 -0.09943781793117523 0.9950276017189026 -0.060007452964782715
 TIME 1.9248101711273193 0.9998276829719543 0.018157143145799637 -0.0038825571537017822 -0.02822328917682171 -0.017680786550045013 0.9948781728744507 0.09952361136674881 0.0019545285031199455 0.005669742822647095 -0.09943781793117523 0.9950276017189026 -0.060007452964782715
 TIME 1.9248101711273193 0.9998276829719543 0.018157143145799637 -0.0038825571537017822 -0.02822328917682171 -0.017680786550045013 0.9948781728744507 0.09952361136674881 0.0019545285031199455 0.005669742822647095 -0.09943781793117523 0.9950276017189026 -0.060007452964782715
 TIME 1.9248101711273193 0.9998276829719543 0.018157143145799637 -0.0038825571537017822 -0.02822328917682171 -0.017680786550045013 0.9948781728744507 0.09952361136674881 0.0019545285031199455 0.005669742822647095 -0.09943781793117523 0.9950276017189026 -0.060007452964782715
 TIME 1.9248101711273193 0.9998276829719543 0.018157143145799637 -0.0038825571537017822 -0.02822328917682171 -0.017680786550045013 0.9948781728744507 0.09952361136674881 0.0019545285031199455 0.005669742822647095 -0.09943781793117523 0.9950276017189026 -0.060007452964782715
 TIME 1.9248101711273193 0.9998276829719543 0.018157143145799637 -0.0038825571537017822 -0.02822328917682171 -0.017680786550045013 0.9948781728744507 0.09952361136674881 0.0019545285031199455 0.005669742822647095 -0.09943781793117523 0.9950276017189026 -0.060007452964782715
 TIME 1.9248101711273193 0.9998276829719543 0.018157143145799637 -0.0038825571537017822 -0.02822328917682171 -0.017680786550045013 0.9948781728744507 0.09952361136674881 0.0019545285031199455 0.005669742822647095 -0.09943781793117523 0.9950276017189026 -0.060007452964782715
 TIME 1.9248101711273193 0.9998276829719543 0.018157143145799637 -0.0038825571537017822 -0.02822328917682171 -0.017680786550045013 0.9948781728744507 0.09952361136674881 0.0019545285031199455 0.005669742822647095 -0.09943781793117523 0.9950276017189026 -0.060007452964782715
 TIME 1.9248101711273193 0.9998276829719543 0.018157143145799637 -0.0038825571537017822 -0.02822328917682171 -0.017680786550045013 0.9948781728744507 0.09952361136674881 0.0019545285031199455 0.005669742822647095 -0.09943781793117523 0.9950276017189026 -0.060007452964782715
 TIME 1.9248101711273193 0.9998276829719543 0.018157143145799637 -0.0038825571537017822 -0.02822328917682171 -0.017680786550045013 0.9948781728744507 0.09952361136674881 0.0019545285031199455 0.005669742822647095 -0.09943781793117523 0.9950276017189026 -0.060007452964782715
 TIME 1.9248101711273193 0.9998276829719543 0.018157143145799637 -0.0038825571537017822 -0.02822328917682171 -0.017680786550045013 0.9948781728744507 0.09952361136674881 0.0019545285031199455 0.005669742822647095 -0.09943781793117523 0.9950276017189026 -0.060007452964782715
 TIME 1.9248101711273193 0.9998276829719543 0.018157143145799637 -0.0038825571537017822 -0.02822328917682171 -0.017680786550045013 0.9948781728744507 0.09952361136674881 0.0019545285031199455 0.005669742822647095 -0.09943781793117523 0.9950276017189026 -0.060007452964782715
 TIME 1.9248101711273193 0.9998276829719543 0.018157143145799637 -0.0038825571537017822 -0.02822328917682171 -0.017680786550045013 0.9948781728744507 0.09952361136674881 0.0019545285031199455 0.005669742822647095 -0.09943781793117523 0.9950276017189026 -0.060007452964782715
 TIME 1.9248101711273193 0.9998276829719543 0.018157143145799637 -0.0038825571537017822 -0.02822328917682171 -0.017680786550045013 0.9948781728744507 0.09952361136674881 0.0019545285031199455 0.005669742822647095 -0.09943781793117523 0.9950276017189026 -0.060007452964782715
 TIME 1.9248101711273193 0.9998276829719543 0.018157143145799637 -0.0038825571537017822 -0.02822328917682171 -0.017680786550045013 0.9948781728744507 0.09952361136674881 0.0019545285031199455 0.005669742822647095 -0.09943781793117523 0.9950276017189026 -0.060007452964782715
 TIME 1.9248101711273193 0.9998276829719543 0.018157143145799637 -0.0038825571537017822 -0.02822328917682171 -0.017680786550045013 0.9948781728744507 0.09952361136674881 0.0019545285031199455 0.005669742822647095 -0.09943781793117523 0.9950276017189026 -0.060007452964782715
 TIME 1.9248101711273193 0.9998276829719543 0.018157143145799637 -0.0038825571537017822 -0.02822328917682171 -0.017680786550045013 0.9948781728744507 0.09952361136674881 0.0019545285031199455 0.005669742822647095 -0.09943781793117523 0.9950276017189026 -0.060007452964782715
 TIME 1.9248101711273193 0.9998276829719543 0.018157143145799637 -0.0038825571537017822 -0.02822328917682171 -0.017680786550045013 0.9948781728744507 0.09952361136674881 0.0019545285031199455 0.005669742822647095 -0.09943781793117523 0.9950276017189026 -0.060007452964782715
 TIME 1.9248101711273193 0.9998276829719543 0.018157143145799637 -0.0038825571537017822 -0.02822328917682171 -0.017680786550045013 0.9948781728744507 0.09952361136674881 0.0019545285031199455 0.005669742822647095 -0.09943781793117523 0.9950276017189026 -0.060007452964782715
 TIME 1.9248101711273193 0.9998276829719543 0.018157143145799637 -0.0038825571537017822 -0.02822328917682171 -0.017680786550045013 0.9948781728744507 0.09952361136674881 0.0019545285031199455 0.005669742822647095 -0.09943781793117523 0.9950276017189026 -0.060007452964782715
 TIME 1.9248101711273193 0.9998276829719543 0.018157143145799637 -0.0038825571537017822 -0.02822328917682171 -0.017680786550045013 0.9948781728744507 0.09952361136674881 0.0019545285031199455 0.005669742822647095 -0.09943781793117523 0.9950276017189026 -0.060007452964782715
 TIME 1.9248101711273193 0.9998276829719543 0.018157143145799637 -0.0038825571537017822 -0.02822328917682171 -0.017680786550045013 0.9948781728744507 0.09952361136674881 0.0019545285031199455 0.005669742822647095 -0.09943781793117523 0.9950276017189026 -0.060007452964782715
 TIME 1.9248101711273193 0.9998276829719543 0.018157143145799637 -0.0038825571537017822 -0.02822328917682171 -0.017680786550045013 0.9948781728744507 0.09952361136674881 0.0019545285031199455 0.005669742822647095 -0.09943781793117523 0.9950276017189026 -0.060007452964782715
 TIME 1.9248101711273193 0.9998276829719543 0.018157143145799637 -0.0038825571537017822 -0.02822328917682171 -0.017680786550045013 0.9948781728744507 0.09952361136674881 0.0019545285031199455 0.005669742822647095 -0.09943781793117523 0.9950276017189026 -0.060007452964782715
 TIME 1.9248101711273193 0.9998276829719543 0.018157143145799637 -0.0038825571537017822 -0.02822328917682171 -0.017680786550045013 0.9948781728744507 0.09952361136674881 0.0019545285031199455 0.005669742822647095 -0.09943781793117523 0.9950276017189026 -0.060007452964782715
 TIME 1.9248101711273193 0.9998276829719543 0.018157143145799637 -0.0038825571537017822 -0.02822328917682171 -0.017680786550045013 0.9948781728744507 0.09952361136674881 0.0019545285031199455 0.005669742822647095 -0.09943781793117523 0.9950276017189026 -0.060007452964782715
 TIME 1.9248101711273193 0.9998276829719543 0.018157143145799637 -0.0038825571537017822 -0.02822328917682171 -0.017680786550045013 0.9948781728744507 0.09952361136674881 0.0019545285031199455 0.005669742822647095 -0.09943781793117523 0.9950276017189026 -0.060007452964782715
 TIME 1.9248101711273193 0.9998276829719543 0.018157143145799637 -0.0038825571537017822 -0.02822328917682171 -0.017680786550045013 0.9948781728744507 0.09952361136674881 0.0019545285031199455 0.005669742822647095 -0.09943781793117523 0.9950276017189026 -0.060007452964782715
 TIME 1.9248101711273193 0.9998276829719543 0.018157143145799637 -0.0038825571537017822 -0.02822328917682171 -0.017680786550045013 0.9948781728744507 0.09952361136674881 0.0019545285031199455 0.005669742822647095 -0.09943781793117523 0.9950276017189026 -0.060007452964782715
 TIME 1.9248101711273193 0.9998276829719543 0.018157143145799637 -0.0038825571537017822 -0.02822328917682171 -0.017680786550045013 0.9948781728744507 0.09952361136674881 0.0019545285031199455 0.005669742822647095 -0.09943781793117523 0.9950276017189026 -0.060007452964782715
 TIME 1.9248101711273193 0.9998276829719543 0.018157143145799637 -0.0038825571537017822 -0.02822328917682171 -0.017680786550045013 0.9948781728744507 0.09952361136674881 0.0019545285031199455 0.005669742822647095 -0.09943781793117523 0.9950276017189026 -0.060007452964782715
 TIME 1.9248101711273193 0.9998276829719543 0.018157143145799637 -0.0038825571537017822 -0.02822328917682171 -0.017680786550045013 0.9948781728744507 0.09952361136674881 0.0019545285031199455 0.005669742822647095 -0.09943781793117523 0.9950276017189026 -0.060007452964782715
 TIME 1.9248101711273193 0.9998276829719543 0.018157143145799637 -0.0038825571537017822 -0.02822328917682171 -0.017680786550045013 0.9948781728744507 0.09952361136674881 0.0019545285031199455 0.005669742822647095 -0.09943781793117523 0.9950276017189026 -0.060007452964782715
